-1.1966,-130.58,58.968,-7.7019,9.2023,-13.769,83.517,90,-0.0001,-0,0,-0.0001,47.156,-0,0,-0,0,-0,83.741,90,-0,-0,0,-0,46.376,-0,0,0,-0,0,-26.805,-127.56,-47.257,-4.741,-6.6836,-8.7561,-4.4439,-130.58,58.968,-7.7019,9.2023,-13.803,83.037,90,-0.0001,-0,0,-0.0001,48.849,-0,0,-0,0,-0,83.269,90,-0,-0,0,-0,47.921,-0,0,0,-0,0,-25.631,-127.56,-47.257,-4.741,-6.6837,-8.7561,-13.161,-130.58,58.968,-7.7019,9.2023,-13.803,82.54,90,-0.0001,-0,0,-0.0001,50.807,-0,0,-0,0,-0,82.783,90,-0,-0,0,-0,49.395,-0,0,0,-0,0,-24.356,-127.56,-47.257,-4.741,-6.6837,-8.7561,3.7607,-130.58,58.968,-7.7019,9.2023,-13.803,82.028,90,-0.0001,-0,0,-0.0001,51.524,-0,0,-0,0,-0,82.282,90,-0,-0,0,-0,50.793,-0,0,0,-0,0,-22.985,-127.56,-47.257,-4.7411,-6.6837,-8.7561,-10.426,-130.58,58.968,-7.7019,9.2023,-13.803,81.506,90,-0.0001,-0,0,-0.0001,53.497,-0,0,-0,0,-0,81.767,90,-0,-0,0,-0,52.108,-0,0,0,-0,0,-21.524,-127.56,-47.257,-4.7411,-6.6837,-8.7562,-6.4955,-130.58,58.968,-7.7019,9.2023,-13.803,80.967,90,-0.0001,-0,0,-0.0001,54.688,-0,0,-0,0,-0,81.24,90,-0,-0,0,-0,53.336,-0,0,0,-0,0,-19.977,-127.56,-47.257,-4.7411,-6.6837,-8.7562,7.0079,-130.58,58.968,-7.7019,9.2023,-13.803,80.419,90,-0.0001,-0,0,-0.0001,55.293,-0,0,-0,0,-0,80.701,90,-0,-0,0,-0,54.472,-0,0,0,-0,0,-18.352,-127.56,-47.257,-4.7412,-6.6837,-8.7562,-3.0764,-130.58,58.968,-7.7019,9.1681,-13.803,79.86,90,-0.0001,-0,-0.0001,-0.0001,56.839,-0,0,-0,-0.0019,-0,80.151,90,-0,-0,0,-0,55.511,-0,0,0,-0,0,-16.654,-127.56,-47.257,-4.7412,-6.6837,-8.7563,8.2045,-130.58,58.968,-7.7019,9.2023,-13.803,79.29,90,-0.0001,-0,0,-0.0001,57.385,-0,0,-0,0,-0,79.591,90,-0,-0,0,-0,56.45,-0,0,0,-0,0,-14.89,-127.56,-47.257,-4.7412,-6.6837,-8.7563,12.307,-130.58,58.968,-7.7019,9.2023,-13.803,78.715,90,-0.0001,-0,0,-0.0001,58.02,-0,0,-0,0,-0,79.022,90,-0,-0,0,-0,57.284,-0,0,0,-0,0,-13.068,-127.56,-47.257,-4.7412,-6.6837,-8.7563,0,1
-17.434,-130.58,58.968,-7.7019,9.2023,-13.769,83.983,90,-0.0001,-0,0,-0.0001,46.215,-0,0,-0,0,-0,84.197,90,-0,-0,0,-0,44.767,-0,0,0,-0,0,-27.873,-127.56,-47.257,-4.741,-6.6836,-8.7561,-1.1966,-130.58,58.968,-7.7019,9.2023,-13.769,83.517,90,-0.0001,-0,0,-0.0001,47.156,-0,0,-0,0,-0,83.741,90,-0,-0,0,-0,46.376,-0,0,0,-0,0,-26.805,-127.56,-47.257,-4.741,-6.6836,-8.7561,-4.4439,-130.58,58.968,-7.7019,9.2023,-13.803,83.037,90,-0.0001,-0,0,-0.0001,48.849,-0,0,-0,0,-0,83.269,90,-0,-0,0,-0,47.921,-0,0,0,-0,0,-25.631,-127.56,-47.257,-4.741,-6.6837,-8.7561,-13.161,-130.58,58.968,-7.7019,9.2023,-13.803,82.54,90,-0.0001,-0,0,-0.0001,50.807,-0,0,-0,0,-0,82.783,90,-0,-0,0,-0,49.395,-0,0,0,-0,0,-24.356,-127.56,-47.257,-4.741,-6.6837,-8.7561,3.7607,-130.58,58.968,-7.7019,9.2023,-13.803,82.028,90,-0.0001,-0,0,-0.0001,51.524,-0,0,-0,0,-0,82.282,90,-0,-0,0,-0,50.793,-0,0,0,-0,0,-22.985,-127.56,-47.257,-4.7411,-6.6837,-8.7561,-10.426,-130.58,58.968,-7.7019,9.2023,-13.803,81.506,90,-0.0001,-0,0,-0.0001,53.497,-0,0,-0,0,-0,81.767,90,-0,-0,0,-0,52.108,-0,0,0,-0,0,-21.524,-127.56,-47.257,-4.7411,-6.6837,-8.7562,-6.4955,-130.58,58.968,-7.7019,9.2023,-13.803,80.967,90,-0.0001,-0,0,-0.0001,54.688,-0,0,-0,0,-0,81.24,90,-0,-0,0,-0,53.336,-0,0,0,-0,0,-19.977,-127.56,-47.257,-4.7411,-6.6837,-8.7562,7.0079,-130.58,58.968,-7.7019,9.2023,-13.803,80.419,90,-0.0001,-0,0,-0.0001,55.293,-0,0,-0,0,-0,80.701,90,-0,-0,0,-0,54.472,-0,0,0,-0,0,-18.352,-127.56,-47.257,-4.7412,-6.6837,-8.7562,-3.0764,-130.58,58.968,-7.7019,9.1681,-13.803,79.86,90,-0.0001,-0,-0.0001,-0.0001,56.839,-0,0,-0,-0.0019,-0,80.151,90,-0,-0,0,-0,55.511,-0,0,0,-0,0,-16.654,-127.56,-47.257,-4.7412,-6.6837,-8.7563,8.2045,-130.58,58.968,-7.7019,9.2023,-13.803,79.29,90,-0.0001,-0,0,-0.0001,57.385,-0,0,-0,0,-0,79.591,90,-0,-0,0,-0,56.45,-0,0,0,-0,0,-14.89,-127.56,-47.257,-4.7412,-6.6837,-8.7563,0,1
-7.1787,-130.58,58.968,-7.7019,9.2023,-13.769,84.432,90,-0.0001,-0,0,-0.0001,44.021,-0.0012,0,-0,0,-0,84.636,90,-0,-0,0,-0,43.099,-0,0,0,-0,0,-28.831,-127.56,-47.257,-4.7411,-6.6836,-8.7561,-17.434,-130.58,58.968,-7.7019,9.2023,-13.769,83.983,90,-0.0001,-0,0,-0.0001,46.215,-0,0,-0,0,-0,84.197,90,-0,-0,0,-0,44.767,-0,0,0,-0,0,-27.873,-127.56,-47.257,-4.741,-6.6836,-8.7561,-1.1966,-130.58,58.968,-7.7019,9.2023,-13.769,83.517,90,-0.0001,-0,0,-0.0001,47.156,-0,0,-0,0,-0,83.741,90,-0,-0,0,-0,46.376,-0,0,0,-0,0,-26.805,-127.56,-47.257,-4.741,-6.6836,-8.7561,-4.4439,-130.58,58.968,-7.7019,9.2023,-13.803,83.037,90,-0.0001,-0,0,-0.0001,48.849,-0,0,-0,0,-0,83.269,90,-0,-0,0,-0,47.921,-0,0,0,-0,0,-25.631,-127.56,-47.257,-4.741,-6.6837,-8.7561,-13.161,-130.58,58.968,-7.7019,9.2023,-13.803,82.54,90,-0.0001,-0,0,-0.0001,50.807,-0,0,-0,0,-0,82.783,90,-0,-0,0,-0,49.395,-0,0,0,-0,0,-24.356,-127.56,-47.257,-4.741,-6.6837,-8.7561,3.7607,-130.58,58.968,-7.7019,9.2023,-13.803,82.028,90,-0.0001,-0,0,-0.0001,51.524,-0,0,-0,0,-0,82.282,90,-0,-0,0,-0,50.793,-0,0,0,-0,0,-22.985,-127.56,-47.257,-4.7411,-6.6837,-8.7561,-10.426,-130.58,58.968,-7.7019,9.2023,-13.803,81.506,90,-0.0001,-0,0,-0.0001,53.497,-0,0,-0,0,-0,81.767,90,-0,-0,0,-0,52.108,-0,0,0,-0,0,-21.524,-127.56,-47.257,-4.7411,-6.6837,-8.7562,-6.4955,-130.58,58.968,-7.7019,9.2023,-13.803,80.967,90,-0.0001,-0,0,-0.0001,54.688,-0,0,-0,0,-0,81.24,90,-0,-0,0,-0,53.336,-0,0,0,-0,0,-19.977,-127.56,-47.257,-4.7411,-6.6837,-8.7562,7.0079,-130.58,58.968,-7.7019,9.2023,-13.803,80.419,90,-0.0001,-0,0,-0.0001,55.293,-0,0,-0,0,-0,80.701,90,-0,-0,0,-0,54.472,-0,0,0,-0,0,-18.352,-127.56,-47.257,-4.7412,-6.6837,-8.7562,-3.0764,-130.58,58.968,-7.7019,9.1681,-13.803,79.86,90,-0.0001,-0,-0.0001,-0.0001,56.839,-0,0,-0,-0.0019,-0,80.151,90,-0,-0,0,-0,55.511,-0,0,0,-0,0,-16.654,-127.56,-47.257,-4.7412,-6.6837,-8.7563,0,1
-5.9821,-130.58,58.968,-7.7019,9.2023,-13.769,84.862,90,-0.0001,-0,0,-0.0001,42.257,-0,0,-0,0,-0,85.059,90,-0,-0,0,-0,41.38,-0,0,0,-0,0,-29.675,-127.56,-47.257,-4.741,-6.6836,-8.756,-7.1787,-130.58,58.968,-7.7019,9.2023,-13.769,84.432,90,-0.0001,-0,0,-0.0001,44.021,-0.0012,0,-0,0,-0,84.636,90,-0,-0,0,-0,43.099,-0,0,0,-0,0,-28.831,-127.56,-47.257,-4.7411,-6.6836,-8.7561,-17.434,-130.58,58.968,-7.7019,9.2023,-13.769,83.983,90,-0.0001,-0,0,-0.0001,46.215,-0,0,-0,0,-0,84.197,90,-0,-0,0,-0,44.767,-0,0,0,-0,0,-27.873,-127.56,-47.257,-4.741,-6.6836,-8.7561,-1.1966,-130.58,58.968,-7.7019,9.2023,-13.769,83.517,90,-0.0001,-0,0,-0.0001,47.156,-0,0,-0,0,-0,83.741,90,-0,-0,0,-0,46.376,-0,0,0,-0,0,-26.805,-127.56,-47.257,-4.741,-6.6836,-8.7561,-4.4439,-130.58,58.968,-7.7019,9.2023,-13.803,83.037,90,-0.0001,-0,0,-0.0001,48.849,-0,0,-0,0,-0,83.269,90,-0,-0,0,-0,47.921,-0,0,0,-0,0,-25.631,-127.56,-47.257,-4.741,-6.6837,-8.7561,-13.161,-130.58,58.968,-7.7019,9.2023,-13.803,82.54,90,-0.0001,-0,0,-0.0001,50.807,-0,0,-0,0,-0,82.783,90,-0,-0,0,-0,49.395,-0,0,0,-0,0,-24.356,-127.56,-47.257,-4.741,-6.6837,-8.7561,3.7607,-130.58,58.968,-7.7019,9.2023,-13.803,82.028,90,-0.0001,-0,0,-0.0001,51.524,-0,0,-0,0,-0,82.282,90,-0,-0,0,-0,50.793,-0,0,0,-0,0,-22.985,-127.56,-47.257,-4.7411,-6.6837,-8.7561,-10.426,-130.58,58.968,-7.7019,9.2023,-13.803,81.506,90,-0.0001,-0,0,-0.0001,53.497,-0,0,-0,0,-0,81.767,90,-0,-0,0,-0,52.108,-0,0,0,-0,0,-21.524,-127.56,-47.257,-4.7411,-6.6837,-8.7562,-6.4955,-130.58,58.968,-7.7019,9.2023,-13.803,80.967,90,-0.0001,-0,0,-0.0001,54.688,-0,0,-0,0,-0,81.24,90,-0,-0,0,-0,53.336,-0,0,0,-0,0,-19.977,-127.56,-47.257,-4.7411,-6.6837,-8.7562,7.0079,-130.58,58.968,-7.7019,9.2023,-13.803,80.419,90,-0.0001,-0,0,-0.0001,55.293,-0,0,-0,0,-0,80.701,90,-0,-0,0,-0,54.472,-0,0,0,-0,0,-18.352,-127.56,-47.257,-4.7412,-6.6837,-8.7562,0,1
-12.648,-130.58,58.968,-7.7019,9.2023,-13.769,85.276,90,-0.0001,-0,0,-0.0001,40.78,-0,0,-0,0,-0,85.464,90,-0,-0,0,-0,39.615,-0,0,0,-0,0,-30.402,-127.56,-47.257,-4.7409,-6.6836,-8.756,-5.9821,-130.58,58.968,-7.7019,9.2023,-13.769,84.862,90,-0.0001,-0,0,-0.0001,42.257,-0,0,-0,0,-0,85.059,90,-0,-0,0,-0,41.38,-0,0,0,-0,0,-29.675,-127.56,-47.257,-4.741,-6.6836,-8.756,-7.1787,-130.58,58.968,-7.7019,9.2023,-13.769,84.432,90,-0.0001,-0,0,-0.0001,44.021,-0.0012,0,-0,0,-0,84.636,90,-0,-0,0,-0,43.099,-0,0,0,-0,0,-28.831,-127.56,-47.257,-4.7411,-6.6836,-8.7561,-17.434,-130.58,58.968,-7.7019,9.2023,-13.769,83.983,90,-0.0001,-0,0,-0.0001,46.215,-0,0,-0,0,-0,84.197,90,-0,-0,0,-0,44.767,-0,0,0,-0,0,-27.873,-127.56,-47.257,-4.741,-6.6836,-8.7561,-1.1966,-130.58,58.968,-7.7019,9.2023,-13.769,83.517,90,-0.0001,-0,0,-0.0001,47.156,-0,0,-0,0,-0,83.741,90,-0,-0,0,-0,46.376,-0,0,0,-0,0,-26.805,-127.56,-47.257,-4.741,-6.6836,-8.7561,-4.4439,-130.58,58.968,-7.7019,9.2023,-13.803,83.037,90,-0.0001,-0,0,-0.0001,48.849,-0,0,-0,0,-0,83.269,90,-0,-0,0,-0,47.921,-0,0,0,-0,0,-25.631,-127.56,-47.257,-4.741,-6.6837,-8.7561,-13.161,-130.58,58.968,-7.7019,9.2023,-13.803,82.54,90,-0.0001,-0,0,-0.0001,50.807,-0,0,-0,0,-0,82.783,90,-0,-0,0,-0,49.395,-0,0,0,-0,0,-24.356,-127.56,-47.257,-4.741,-6.6837,-8.7561,3.7607,-130.58,58.968,-7.7019,9.2023,-13.803,82.028,90,-0.0001,-0,0,-0.0001,51.524,-0,0,-0,0,-0,82.282,90,-0,-0,0,-0,50.793,-0,0,0,-0,0,-22.985,-127.56,-47.257,-4.7411,-6.6837,-8.7561,-10.426,-130.58,58.968,-7.7019,9.2023,-13.803,81.506,90,-0.0001,-0,0,-0.0001,53.497,-0,0,-0,0,-0,81.767,90,-0,-0,0,-0,52.108,-0,0,0,-0,0,-21.524,-127.56,-47.257,-4.7411,-6.6837,-8.7562,-6.4955,-130.58,58.968,-7.7019,9.2023,-13.803,80.967,90,-0.0001,-0,0,-0.0001,54.688,-0,0,-0,0,-0,81.24,90,-0,-0,0,-0,53.336,-0,0,0,-0,0,-19.977,-127.56,-47.257,-4.7411,-6.6837,-8.7562,0,1
-17.947,-130.58,58.968,-7.7019,9.2023,-13.769,85.674,90,-0.0001,-0,0,-0.0001,39.148,-0,0,-0,0,-0,85.851,90,-0,-0,0,-0,37.813,-0,0,0,-0,0,-31.009,-127.56,-47.257,-4.7409,-6.6836,-8.756,-12.648,-130.58,58.968,-7.7019,9.2023,-13.769,85.276,90,-0.0001,-0,0,-0.0001,40.78,-0,0,-0,0,-0,85.464,90,-0,-0,0,-0,39.615,-0,0,0,-0,0,-30.402,-127.56,-47.257,-4.7409,-6.6836,-8.756,-5.9821,-130.58,58.968,-7.7019,9.2023,-13.769,84.862,90,-0.0001,-0,0,-0.0001,42.257,-0,0,-0,0,-0,85.059,90,-0,-0,0,-0,41.38,-0,0,0,-0,0,-29.675,-127.56,-47.257,-4.741,-6.6836,-8.756,-7.1787,-130.58,58.968,-7.7019,9.2023,-13.769,84.432,90,-0.0001,-0,0,-0.0001,44.021,-0.0012,0,-0,0,-0,84.636,90,-0,-0,0,-0,43.099,-0,0,0,-0,0,-28.831,-127.56,-47.257,-4.7411,-6.6836,-8.7561,-17.434,-130.58,58.968,-7.7019,9.2023,-13.769,83.983,90,-0.0001,-0,0,-0.0001,46.215,-0,0,-0,0,-0,84.197,90,-0,-0,0,-0,44.767,-0,0,0,-0,0,-27.873,-127.56,-47.257,-4.741,-6.6836,-8.7561,-1.1966,-130.58,58.968,-7.7019,9.2023,-13.769,83.517,90,-0.0001,-0,0,-0.0001,47.156,-0,0,-0,0,-0,83.741,90,-0,-0,0,-0,46.376,-0,0,0,-0,0,-26.805,-127.56,-47.257,-4.741,-6.6836,-8.7561,-4.4439,-130.58,58.968,-7.7019,9.2023,-13.803,83.037,90,-0.0001,-0,0,-0.0001,48.849,-0,0,-0,0,-0,83.269,90,-0,-0,0,-0,47.921,-0,0,0,-0,0,-25.631,-127.56,-47.257,-4.741,-6.6837,-8.7561,-13.161,-130.58,58.968,-7.7019,9.2023,-13.803,82.54,90,-0.0001,-0,0,-0.0001,50.807,-0,0,-0,0,-0,82.783,90,-0,-0,0,-0,49.395,-0,0,0,-0,0,-24.356,-127.56,-47.257,-4.741,-6.6837,-8.7561,3.7607,-130.58,58.968,-7.7019,9.2023,-13.803,82.028,90,-0.0001,-0,0,-0.0001,51.524,-0,0,-0,0,-0,82.282,90,-0,-0,0,-0,50.793,-0,0,0,-0,0,-22.985,-127.56,-47.257,-4.7411,-6.6837,-8.7561,-10.426,-130.58,58.968,-7.7019,9.2023,-13.803,81.506,90,-0.0001,-0,0,-0.0001,53.497,-0,0,-0,0,-0,81.767,90,-0,-0,0,-0,52.108,-0,0,0,-0,0,-21.524,-127.56,-47.257,-4.7411,-6.6837,-8.7562,0,1
-16.237,-130.58,58.968,-7.7019,9.2023,-13.769,86.053,90,-0.0001,-0,0,-0.0001,37.198,-0,0,-0,0,-0,86.22,90,-0,-0,0,-0,35.979,-0,0,0,-0,0,-31.493,-127.56,-47.257,-4.7409,-6.6836,-8.756,-17.947,-130.58,58.968,-7.7019,9.2023,-13.769,85.674,90,-0.0001,-0,0,-0.0001,39.148,-0,0,-0,0,-0,85.851,90,-0,-0,0,-0,37.813,-0,0,0,-0,0,-31.009,-127.56,-47.257,-4.7409,-6.6836,-8.756,-12.648,-130.58,58.968,-7.7019,9.2023,-13.769,85.276,90,-0.0001,-0,0,-0.0001,40.78,-0,0,-0,0,-0,85.464,90,-0,-0,0,-0,39.615,-0,0,0,-0,0,-30.402,-127.56,-47.257,-4.7409,-6.6836,-8.756,-5.9821,-130.58,58.968,-7.7019,9.2023,-13.769,84.862,90,-0.0001,-0,0,-0.0001,42.257,-0,0,-0,0,-0,85.059,90,-0,-0,0,-0,41.38,-0,0,0,-0,0,-29.675,-127.56,-47.257,-4.741,-6.6836,-8.756,-7.1787,-130.58,58.968,-7.7019,9.2023,-13.769,84.432,90,-0.0001,-0,0,-0.0001,44.021,-0.0012,0,-0,0,-0,84.636,90,-0,-0,0,-0,43.099,-0,0,0,-0,0,-28.831,-127.56,-47.257,-4.7411,-6.6836,-8.7561,-17.434,-130.58,58.968,-7.7019,9.2023,-13.769,83.983,90,-0.0001,-0,0,-0.0001,46.215,-0,0,-0,0,-0,84.197,90,-0,-0,0,-0,44.767,-0,0,0,-0,0,-27.873,-127.56,-47.257,-4.741,-6.6836,-8.7561,-1.1966,-130.58,58.968,-7.7019,9.2023,-13.769,83.517,90,-0.0001,-0,0,-0.0001,47.156,-0,0,-0,0,-0,83.741,90,-0,-0,0,-0,46.376,-0,0,0,-0,0,-26.805,-127.56,-47.257,-4.741,-6.6836,-8.7561,-4.4439,-130.58,58.968,-7.7019,9.2023,-13.803,83.037,90,-0.0001,-0,0,-0.0001,48.849,-0,0,-0,0,-0,83.269,90,-0,-0,0,-0,47.921,-0,0,0,-0,0,-25.631,-127.56,-47.257,-4.741,-6.6837,-8.7561,-13.161,-130.58,58.968,-7.7019,9.2023,-13.803,82.54,90,-0.0001,-0,0,-0.0001,50.807,-0,0,-0,0,-0,82.783,90,-0,-0,0,-0,49.395,-0,0,0,-0,0,-24.356,-127.56,-47.257,-4.741,-6.6837,-8.7561,3.7607,-130.58,58.968,-7.7019,9.2023,-13.803,82.028,90,-0.0001,-0,0,-0.0001,51.524,-0,0,-0,0,-0,82.282,90,-0,-0,0,-0,50.793,-0,0,0,-0,0,-22.985,-127.56,-47.257,-4.7411,-6.6837,-8.7561,0,1
-18.118,-130.58,58.968,-7.7019,9.2023,-13.769,86.414,90,-0.0001,-0,0,-0.0001,35.39,-0,0,-0,0,-0,86.57,90,-0,-0,0,-0,34.122,-0,0,0,-0,0,-31.854,-127.56,-47.257,-4.7409,-6.6836,-8.756,-16.237,-130.58,58.968,-7.7019,9.2023,-13.769,86.053,90,-0.0001,-0,0,-0.0001,37.198,-0,0,-0,0,-0,86.22,90,-0,-0,0,-0,35.979,-0,0,0,-0,0,-31.493,-127.56,-47.257,-4.7409,-6.6836,-8.756,-17.947,-130.58,58.968,-7.7019,9.2023,-13.769,85.674,90,-0.0001,-0,0,-0.0001,39.148,-0,0,-0,0,-0,85.851,90,-0,-0,0,-0,37.813,-0,0,0,-0,0,-31.009,-127.56,-47.257,-4.7409,-6.6836,-8.756,-12.648,-130.58,58.968,-7.7019,9.2023,-13.769,85.276,90,-0.0001,-0,0,-0.0001,40.78,-0,0,-0,0,-0,85.464,90,-0,-0,0,-0,39.615,-0,0,0,-0,0,-30.402,-127.56,-47.257,-4.7409,-6.6836,-8.756,-5.9821,-130.58,58.968,-7.7019,9.2023,-13.769,84.862,90,-0.0001,-0,0,-0.0001,42.257,-0,0,-0,0,-0,85.059,90,-0,-0,0,-0,41.38,-0,0,0,-0,0,-29.675,-127.56,-47.257,-4.741,-6.6836,-8.756,-7.1787,-130.58,58.968,-7.7019,9.2023,-13.769,84.432,90,-0.0001,-0,0,-0.0001,44.021,-0.0012,0,-0,0,-0,84.636,90,-0,-0,0,-0,43.099,-0,0,0,-0,0,-28.831,-127.56,-47.257,-4.7411,-6.6836,-8.7561,-17.434,-130.58,58.968,-7.7019,9.2023,-13.769,83.983,90,-0.0001,-0,0,-0.0001,46.215,-0,0,-0,0,-0,84.197,90,-0,-0,0,-0,44.767,-0,0,0,-0,0,-27.873,-127.56,-47.257,-4.741,-6.6836,-8.7561,-1.1966,-130.58,58.968,-7.7019,9.2023,-13.769,83.517,90,-0.0001,-0,0,-0.0001,47.156,-0,0,-0,0,-0,83.741,90,-0,-0,0,-0,46.376,-0,0,0,-0,0,-26.805,-127.56,-47.257,-4.741,-6.6836,-8.7561,-4.4439,-130.58,58.968,-7.7019,9.2023,-13.803,83.037,90,-0.0001,-0,0,-0.0001,48.849,-0,0,-0,0,-0,83.269,90,-0,-0,0,-0,47.921,-0,0,0,-0,0,-25.631,-127.56,-47.257,-4.741,-6.6837,-8.7561,-13.161,-130.58,58.968,-7.7019,9.2023,-13.803,82.54,90,-0.0001,-0,0,-0.0001,50.807,-0,0,-0,0,-0,82.783,90,-0,-0,0,-0,49.395,-0,0,0,-0,0,-24.356,-127.56,-47.257,-4.741,-6.6837,-8.7561,0,1
-23.759,-130.41,58.968,-7.7361,9.2023,-13.769,86.756,90,-0.0001,0.0001,0,-0.0001,33.721,-0,0,-0,0,-0,86.902,90,-0,-0,0,-0,32.249,-0,0,0,-0,0,-32.088,-127.56,-47.257,-4.7409,-6.6836,-8.756,-18.118,-130.58,58.968,-7.7019,9.2023,-13.769,86.414,90,-0.0001,-0,0,-0.0001,35.39,-0,0,-0,0,-0,86.57,90,-0,-0,0,-0,34.122,-0,0,0,-0,0,-31.854,-127.56,-47.257,-4.7409,-6.6836,-8.756,-16.237,-130.58,58.968,-7.7019,9.2023,-13.769,86.053,90,-0.0001,-0,0,-0.0001,37.198,-0,0,-0,0,-0,86.22,90,-0,-0,0,-0,35.979,-0,0,0,-0,0,-31.493,-127.56,-47.257,-4.7409,-6.6836,-8.756,-17.947,-130.58,58.968,-7.7019,9.2023,-13.769,85.674,90,-0.0001,-0,0,-0.0001,39.148,-0,0,-0,0,-0,85.851,90,-0,-0,0,-0,37.813,-0,0,0,-0,0,-31.009,-127.56,-47.257,-4.7409,-6.6836,-8.756,-12.648,-130.58,58.968,-7.7019,9.2023,-13.769,85.276,90,-0.0001,-0,0,-0.0001,40.78,-0,0,-0,0,-0,85.464,90,-0,-0,0,-0,39.615,-0,0,0,-0,0,-30.402,-127.56,-47.257,-4.7409,-6.6836,-8.756,-5.9821,-130.58,58.968,-7.7019,9.2023,-13.769,84.862,90,-0.0001,-0,0,-0.0001,42.257,-0,0,-0,0,-0,85.059,90,-0,-0,0,-0,41.38,-0,0,0,-0,0,-29.675,-127.56,-47.257,-4.741,-6.6836,-8.756,-7.1787,-130.58,58.968,-7.7019,9.2023,-13.769,84.432,90,-0.0001,-0,0,-0.0001,44.021,-0.0012,0,-0,0,-0,84.636,90,-0,-0,0,-0,43.099,-0,0,0,-0,0,-28.831,-127.56,-47.257,-4.7411,-6.6836,-8.7561,-17.434,-130.58,58.968,-7.7019,9.2023,-13.769,83.983,90,-0.0001,-0,0,-0.0001,46.215,-0,0,-0,0,-0,84.197,90,-0,-0,0,-0,44.767,-0,0,0,-0,0,-27.873,-127.56,-47.257,-4.741,-6.6836,-8.7561,-1.1966,-130.58,58.968,-7.7019,9.2023,-13.769,83.517,90,-0.0001,-0,0,-0.0001,47.156,-0,0,-0,0,-0,83.741,90,-0,-0,0,-0,46.376,-0,0,0,-0,0,-26.805,-127.56,-47.257,-4.741,-6.6836,-8.7561,-4.4439,-130.58,58.968,-7.7019,9.2023,-13.803,83.037,90,-0.0001,-0,0,-0.0001,48.849,-0,0,-0,0,-0,83.269,90,-0,-0,0,-0,47.921,-0,0,0,-0,0,-25.631,-127.56,-47.257,-4.741,-6.6837,-8.7561,0,1
-20.51,-130.41,58.968,-7.7019,9.2023,-13.769,87.079,90,-0.0001,-0,0,-0.0001,31.653,-0,0,-0.0012,0,-0,87.215,90,-0,-0,0,-0,30.367,-0,0,0,-0,0,-32.196,-127.56,-47.256,-4.7409,-6.6836,-8.756,-23.759,-130.41,58.968,-7.7361,9.2023,-13.769,86.756,90,-0.0001,0.0001,0,-0.0001,33.721,-0,0,-0,0,-0,86.902,90,-0,-0,0,-0,32.249,-0,0,0,-0,0,-32.088,-127.56,-47.257,-4.7409,-6.6836,-8.756,-18.118,-130.58,58.968,-7.7019,9.2023,-13.769,86.414,90,-0.0001,-0,0,-0.0001,35.39,-0,0,-0,0,-0,86.57,90,-0,-0,0,-0,34.122,-0,0,0,-0,0,-31.854,-127.56,-47.257,-4.7409,-6.6836,-8.756,-16.237,-130.58,58.968,-7.7019,9.2023,-13.769,86.053,90,-0.0001,-0,0,-0.0001,37.198,-0,0,-0,0,-0,86.22,90,-0,-0,0,-0,35.979,-0,0,0,-0,0,-31.493,-127.56,-47.257,-4.7409,-6.6836,-8.756,-17.947,-130.58,58.968,-7.7019,9.2023,-13.769,85.674,90,-0.0001,-0,0,-0.0001,39.148,-0,0,-0,0,-0,85.851,90,-0,-0,0,-0,37.813,-0,0,0,-0,0,-31.009,-127.56,-47.257,-4.7409,-6.6836,-8.756,-12.648,-130.58,58.968,-7.7019,9.2023,-13.769,85.276,90,-0.0001,-0,0,-0.0001,40.78,-0,0,-0,0,-0,85.464,90,-0,-0,0,-0,39.615,-0,0,0,-0,0,-30.402,-127.56,-47.257,-4.7409,-6.6836,-8.756,-5.9821,-130.58,58.968,-7.7019,9.2023,-13.769,84.862,90,-0.0001,-0,0,-0.0001,42.257,-0,0,-0,0,-0,85.059,90,-0,-0,0,-0,41.38,-0,0,0,-0,0,-29.675,-127.56,-47.257,-4.741,-6.6836,-8.756,-7.1787,-130.58,58.968,-7.7019,9.2023,-13.769,84.432,90,-0.0001,-0,0,-0.0001,44.021,-0.0012,0,-0,0,-0,84.636,90,-0,-0,0,-0,43.099,-0,0,0,-0,0,-28.831,-127.56,-47.257,-4.7411,-6.6836,-8.7561,-17.434,-130.58,58.968,-7.7019,9.2023,-13.769,83.983,90,-0.0001,-0,0,-0.0001,46.215,-0,0,-0,0,-0,84.197,90,-0,-0,0,-0,44.767,-0,0,0,-0,0,-27.873,-127.56,-47.257,-4.741,-6.6836,-8.7561,-1.1966,-130.58,58.968,-7.7019,9.2023,-13.769,83.517,90,-0.0001,-0,0,-0.0001,47.156,-0,0,-0,0,-0,83.741,90,-0,-0,0,-0,46.376,-0,0,0,-0,0,-26.805,-127.56,-47.257,-4.741,-6.6836,-8.7561,0,1
-23.587,-130.41,58.968,-7.7019,9.2023,-13.769,87.385,90,-0.0001,-0,0,-0.0001,29.809,-0,0,-0,0,-0,87.51,90,-0,-0,0,-0,28.483,-0,0,0,-0,0,-32.177,-127.56,-47.257,-4.7409,-6.6836,-8.756,-20.51,-130.41,58.968,-7.7019,9.2023,-13.769,87.079,90,-0.0001,-0,0,-0.0001,31.653,-0,0,-0.0012,0,-0,87.215,90,-0,-0,0,-0,30.367,-0,0,0,-0,0,-32.196,-127.56,-47.256,-4.7409,-6.6836,-8.756,-23.759,-130.41,58.968,-7.7361,9.2023,-13.769,86.756,90,-0.0001,0.0001,0,-0.0001,33.721,-0,0,-0,0,-0,86.902,90,-0,-0,0,-0,32.249,-0,0,0,-0,0,-32.088,-127.56,-47.257,-4.7409,-6.6836,-8.756,-18.118,-130.58,58.968,-7.7019,9.2023,-13.769,86.414,90,-0.0001,-0,0,-0.0001,35.39,-0,0,-0,0,-0,86.57,90,-0,-0,0,-0,34.122,-0,0,0,-0,0,-31.854,-127.56,-47.257,-4.7409,-6.6836,-8.756,-16.237,-130.58,58.968,-7.7019,9.2023,-13.769,86.053,90,-0.0001,-0,0,-0.0001,37.198,-0,0,-0,0,-0,86.22,90,-0,-0,0,-0,35.979,-0,0,0,-0,0,-31.493,-127.56,-47.257,-4.7409,-6.6836,-8.756,-17.947,-130.58,58.968,-7.7019,9.2023,-13.769,85.674,90,-0.0001,-0,0,-0.0001,39.148,-0,0,-0,0,-0,85.851,90,-0,-0,0,-0,37.813,-0,0,0,-0,0,-31.009,-127.56,-47.257,-4.7409,-6.6836,-8.756,-12.648,-130.58,58.968,-7.7019,9.2023,-13.769,85.276,90,-0.0001,-0,0,-0.0001,40.78,-0,0,-0,0,-0,85.464,90,-0,-0,0,-0,39.615,-0,0,0,-0,0,-30.402,-127.56,-47.257,-4.7409,-6.6836,-8.756,-5.9821,-130.58,58.968,-7.7019,9.2023,-13.769,84.862,90,-0.0001,-0,0,-0.0001,42.257,-0,0,-0,0,-0,85.059,90,-0,-0,0,-0,41.38,-0,0,0,-0,0,-29.675,-127.56,-47.257,-4.741,-6.6836,-8.756,-7.1787,-130.58,58.968,-7.7019,9.2023,-13.769,84.432,90,-0.0001,-0,0,-0.0001,44.021,-0.0012,0,-0,0,-0,84.636,90,-0,-0,0,-0,43.099,-0,0,0,-0,0,-28.831,-127.56,-47.257,-4.7411,-6.6836,-8.7561,-17.434,-130.58,58.968,-7.7019,9.2023,-13.769,83.983,90,-0.0001,-0,0,-0.0001,46.215,-0,0,-0,0,-0,84.197,90,-0,-0,0,-0,44.767,-0,0,0,-0,0,-27.873,-127.56,-47.257,-4.741,-6.6836,-8.7561,0,1
-19.485,-130.41,58.797,-7.7019,9.2023,-13.769,87.67,90,-0.0001,-0,0,-0.0001,27.697,-0,0,-0,0,-0,87.785,90,-0,-0,0,-0,26.605,-0,0,0,-0,0,-32.031,-127.56,-47.257,-4.7409,-6.6836,-8.756,-23.587,-130.41,58.968,-7.7019,9.2023,-13.769,87.385,90,-0.0001,-0,0,-0.0001,29.809,-0,0,-0,0,-0,87.51,90,-0,-0,0,-0,28.483,-0,0,0,-0,0,-32.177,-127.56,-47.257,-4.7409,-6.6836,-8.756,-20.51,-130.41,58.968,-7.7019,9.2023,-13.769,87.079,90,-0.0001,-0,0,-0.0001,31.653,-0,0,-0.0012,0,-0,87.215,90,-0,-0,0,-0,30.367,-0,0,0,-0,0,-32.196,-127.56,-47.256,-4.7409,-6.6836,-8.756,-23.759,-130.41,58.968,-7.7361,9.2023,-13.769,86.756,90,-0.0001,0.0001,0,-0.0001,33.721,-0,0,-0,0,-0,86.902,90,-0,-0,0,-0,32.249,-0,0,0,-0,0,-32.088,-127.56,-47.257,-4.7409,-6.6836,-8.756,-18.118,-130.58,58.968,-7.7019,9.2023,-13.769,86.414,90,-0.0001,-0,0,-0.0001,35.39,-0,0,-0,0,-0,86.57,90,-0,-0,0,-0,34.122,-0,0,0,-0,0,-31.854,-127.56,-47.257,-4.7409,-6.6836,-8.756,-16.237,-130.58,58.968,-7.7019,9.2023,-13.769,86.053,90,-0.0001,-0,0,-0.0001,37.198,-0,0,-0,0,-0,86.22,90,-0,-0,0,-0,35.979,-0,0,0,-0,0,-31.493,-127.56,-47.257,-4.7409,-6.6836,-8.756,-17.947,-130.58,58.968,-7.7019,9.2023,-13.769,85.674,90,-0.0001,-0,0,-0.0001,39.148,-0,0,-0,0,-0,85.851,90,-0,-0,0,-0,37.813,-0,0,0,-0,0,-31.009,-127.56,-47.257,-4.7409,-6.6836,-8.756,-12.648,-130.58,58.968,-7.7019,9.2023,-13.769,85.276,90,-0.0001,-0,0,-0.0001,40.78,-0,0,-0,0,-0,85.464,90,-0,-0,0,-0,39.615,-0,0,0,-0,0,-30.402,-127.56,-47.257,-4.7409,-6.6836,-8.756,-5.9821,-130.58,58.968,-7.7019,9.2023,-13.769,84.862,90,-0.0001,-0,0,-0.0001,42.257,-0,0,-0,0,-0,85.059,90,-0,-0,0,-0,41.38,-0,0,0,-0,0,-29.675,-127.56,-47.257,-4.741,-6.6836,-8.756,-7.1787,-130.58,58.968,-7.7019,9.2023,-13.769,84.432,90,-0.0001,-0,0,-0.0001,44.021,-0.0012,0,-0,0,-0,84.636,90,-0,-0,0,-0,43.099,-0,0,0,-0,0,-28.831,-127.56,-47.257,-4.7411,-6.6836,-8.7561,0,1
-15.896,-130.41,58.797,-7.7019,9.2023,-13.769,87.934,90,-0.0001,-0,0,-0.0001,25.689,-0,0,-0,0,-0,88.042,90,-0,-0,0,-0,24.741,-0,0,0,-0,0,-31.759,-127.56,-47.257,-4.7409,-6.6836,-8.756,-19.485,-130.41,58.797,-7.7019,9.2023,-13.769,87.67,90,-0.0001,-0,0,-0.0001,27.697,-0,0,-0,0,-0,87.785,90,-0,-0,0,-0,26.605,-0,0,0,-0,0,-32.031,-127.56,-47.257,-4.7409,-6.6836,-8.756,-23.587,-130.41,58.968,-7.7019,9.2023,-13.769,87.385,90,-0.0001,-0,0,-0.0001,29.809,-0,0,-0,0,-0,87.51,90,-0,-0,0,-0,28.483,-0,0,0,-0,0,-32.177,-127.56,-47.257,-4.7409,-6.6836,-8.756,-20.51,-130.41,58.968,-7.7019,9.2023,-13.769,87.079,90,-0.0001,-0,0,-0.0001,31.653,-0,0,-0.0012,0,-0,87.215,90,-0,-0,0,-0,30.367,-0,0,0,-0,0,-32.196,-127.56,-47.256,-4.7409,-6.6836,-8.756,-23.759,-130.41,58.968,-7.7361,9.2023,-13.769,86.756,90,-0.0001,0.0001,0,-0.0001,33.721,-0,0,-0,0,-0,86.902,90,-0,-0,0,-0,32.249,-0,0,0,-0,0,-32.088,-127.56,-47.257,-4.7409,-6.6836,-8.756,-18.118,-130.58,58.968,-7.7019,9.2023,-13.769,86.414,90,-0.0001,-0,0,-0.0001,35.39,-0,0,-0,0,-0,86.57,90,-0,-0,0,-0,34.122,-0,0,0,-0,0,-31.854,-127.56,-47.257,-4.7409,-6.6836,-8.756,-16.237,-130.58,58.968,-7.7019,9.2023,-13.769,86.053,90,-0.0001,-0,0,-0.0001,37.198,-0,0,-0,0,-0,86.22,90,-0,-0,0,-0,35.979,-0,0,0,-0,0,-31.493,-127.56,-47.257,-4.7409,-6.6836,-8.756,-17.947,-130.58,58.968,-7.7019,9.2023,-13.769,85.674,90,-0.0001,-0,0,-0.0001,39.148,-0,0,-0,0,-0,85.851,90,-0,-0,0,-0,37.813,-0,0,0,-0,0,-31.009,-127.56,-47.257,-4.7409,-6.6836,-8.756,-12.648,-130.58,58.968,-7.7019,9.2023,-13.769,85.276,90,-0.0001,-0,0,-0.0001,40.78,-0,0,-0,0,-0,85.464,90,-0,-0,0,-0,39.615,-0,0,0,-0,0,-30.402,-127.56,-47.257,-4.7409,-6.6836,-8.756,-5.9821,-130.58,58.968,-7.7019,9.2023,-13.769,84.862,90,-0.0001,-0,0,-0.0001,42.257,-0,0,-0,0,-0,85.059,90,-0,-0,0,-0,41.38,-0,0,0,-0,0,-29.675,-127.56,-47.257,-4.741,-6.6836,-8.756,0,1
-21.194,-130.41,58.797,-7.7019,9.2023,-13.769,88.18,90,-0.0001,-0,0,-0.0001,24.076,-0,0,-0,0,-0,88.28,90,-0,-0,0,-0,22.897,-0,0,0,-0,0,-31.361,-127.56,-47.257,-4.7409,-6.6835,-8.756,-15.896,-130.41,58.797,-7.7019,9.2023,-13.769,87.934,90,-0.0001,-0,0,-0.0001,25.689,-0,0,-0,0,-0,88.042,90,-0,-0,0,-0,24.741,-0,0,0,-0,0,-31.759,-127.56,-47.257,-4.7409,-6.6836,-8.756,-19.485,-130.41,58.797,-7.7019,9.2023,-13.769,87.67,90,-0.0001,-0,0,-0.0001,27.697,-0,0,-0,0,-0,87.785,90,-0,-0,0,-0,26.605,-0,0,0,-0,0,-32.031,-127.56,-47.257,-4.7409,-6.6836,-8.756,-23.587,-130.41,58.968,-7.7019,9.2023,-13.769,87.385,90,-0.0001,-0,0,-0.0001,29.809,-0,0,-0,0,-0,87.51,90,-0,-0,0,-0,28.483,-0,0,0,-0,0,-32.177,-127.56,-47.257,-4.7409,-6.6836,-8.756,-20.51,-130.41,58.968,-7.7019,9.2023,-13.769,87.079,90,-0.0001,-0,0,-0.0001,31.653,-0,0,-0.0012,0,-0,87.215,90,-0,-0,0,-0,30.367,-0,0,0,-0,0,-32.196,-127.56,-47.256,-4.7409,-6.6836,-8.756,-23.759,-130.41,58.968,-7.7361,9.2023,-13.769,86.756,90,-0.0001,0.0001,0,-0.0001,33.721,-0,0,-0,0,-0,86.902,90,-0,-0,0,-0,32.249,-0,0,0,-0,0,-32.088,-127.56,-47.257,-4.7409,-6.6836,-8.756,-18.118,-130.58,58.968,-7.7019,9.2023,-13.769,86.414,90,-0.0001,-0,0,-0.0001,35.39,-0,0,-0,0,-0,86.57,90,-0,-0,0,-0,34.122,-0,0,0,-0,0,-31.854,-127.56,-47.257,-4.7409,-6.6836,-8.756,-16.237,-130.58,58.968,-7.7019,9.2023,-13.769,86.053,90,-0.0001,-0,0,-0.0001,37.198,-0,0,-0,0,-0,86.22,90,-0,-0,0,-0,35.979,-0,0,0,-0,0,-31.493,-127.56,-47.257,-4.7409,-6.6836,-8.756,-17.947,-130.58,58.968,-7.7019,9.2023,-13.769,85.674,90,-0.0001,-0,0,-0.0001,39.148,-0,0,-0,0,-0,85.851,90,-0,-0,0,-0,37.813,-0,0,0,-0,0,-31.009,-127.56,-47.257,-4.7409,-6.6836,-8.756,-12.648,-130.58,58.968,-7.7019,9.2023,-13.769,85.276,90,-0.0001,-0,0,-0.0001,40.78,-0,0,-0,0,-0,85.464,90,-0,-0,0,-0,39.615,-0,0,0,-0,0,-30.402,-127.56,-47.257,-4.7409,-6.6836,-8.756,0,1
-22.048,-130.41,58.797,-7.7019,9.2023,-13.769,88.41,90,-0.0001,-0,0,-0.0001,22.233,-0,0,-0,0,-0,88.5,90,-0,-0,0,-0,21.082,-0,0,0,-0,0,-30.839,-127.56,-47.257,-4.7409,-6.6835,-8.756,-21.194,-130.41,58.797,-7.7019,9.2023,-13.769,88.18,90,-0.0001,-0,0,-0.0001,24.076,-0,0,-0,0,-0,88.28,90,-0,-0,0,-0,22.897,-0,0,0,-0,0,-31.361,-127.56,-47.257,-4.7409,-6.6835,-8.756,-15.896,-130.41,58.797,-7.7019,9.2023,-13.769,87.934,90,-0.0001,-0,0,-0.0001,25.689,-0,0,-0,0,-0,88.042,90,-0,-0,0,-0,24.741,-0,0,0,-0,0,-31.759,-127.56,-47.257,-4.7409,-6.6836,-8.756,-19.485,-130.41,58.797,-7.7019,9.2023,-13.769,87.67,90,-0.0001,-0,0,-0.0001,27.697,-0,0,-0,0,-0,87.785,90,-0,-0,0,-0,26.605,-0,0,0,-0,0,-32.031,-127.56,-47.257,-4.7409,-6.6836,-8.756,-23.587,-130.41,58.968,-7.7019,9.2023,-13.769,87.385,90,-0.0001,-0,0,-0.0001,29.809,-0,0,-0,0,-0,87.51,90,-0,-0,0,-0,28.483,-0,0,0,-0,0,-32.177,-127.56,-47.257,-4.7409,-6.6836,-8.756,-20.51,-130.41,58.968,-7.7019,9.2023,-13.769,87.079,90,-0.0001,-0,0,-0.0001,31.653,-0,0,-0.0012,0,-0,87.215,90,-0,-0,0,-0,30.367,-0,0,0,-0,0,-32.196,-127.56,-47.256,-4.7409,-6.6836,-8.756,-23.759,-130.41,58.968,-7.7361,9.2023,-13.769,86.756,90,-0.0001,0.0001,0,-0.0001,33.721,-0,0,-0,0,-0,86.902,90,-0,-0,0,-0,32.249,-0,0,0,-0,0,-32.088,-127.56,-47.257,-4.7409,-6.6836,-8.756,-18.118,-130.58,58.968,-7.7019,9.2023,-13.769,86.414,90,-0.0001,-0,0,-0.0001,35.39,-0,0,-0,0,-0,86.57,90,-0,-0,0,-0,34.122,-0,0,0,-0,0,-31.854,-127.56,-47.257,-4.7409,-6.6836,-8.756,-16.237,-130.58,58.968,-7.7019,9.2023,-13.769,86.053,90,-0.0001,-0,0,-0.0001,37.198,-0,0,-0,0,-0,86.22,90,-0,-0,0,-0,35.979,-0,0,0,-0,0,-31.493,-127.56,-47.257,-4.7409,-6.6836,-8.756,-17.947,-130.58,58.968,-7.7019,9.2023,-13.769,85.674,90,-0.0001,-0,0,-0.0001,39.148,-0,0,-0,0,-0,85.851,90,-0,-0,0,-0,37.813,-0,0,0,-0,0,-31.009,-127.56,-47.257,-4.7409,-6.6836,-8.756,0,1
-21.878,-130.41,58.797,-7.7019,9.2023,-13.769,88.621,90,-0.0001,-0,0,-0.0001,20.394,-0,0,-0,0,-0,88.701,90,-0,-0,0,-0,19.301,-0,0,0,-0,0,-30.196,-127.56,-47.256,-4.7409,-6.6835,-8.756,-22.048,-130.41,58.797,-7.7019,9.2023,-13.769,88.41,90,-0.0001,-0,0,-0.0001,22.233,-0,0,-0,0,-0,88.5,90,-0,-0,0,-0,21.082,-0,0,0,-0,0,-30.839,-127.56,-47.257,-4.7409,-6.6835,-8.756,-21.194,-130.41,58.797,-7.7019,9.2023,-13.769,88.18,90,-0.0001,-0,0,-0.0001,24.076,-0,0,-0,0,-0,88.28,90,-0,-0,0,-0,22.897,-0,0,0,-0,0,-31.361,-127.56,-47.257,-4.7409,-6.6835,-8.756,-15.896,-130.41,58.797,-7.7019,9.2023,-13.769,87.934,90,-0.0001,-0,0,-0.0001,25.689,-0,0,-0,0,-0,88.042,90,-0,-0,0,-0,24.741,-0,0,0,-0,0,-31.759,-127.56,-47.257,-4.7409,-6.6836,-8.756,-19.485,-130.41,58.797,-7.7019,9.2023,-13.769,87.67,90,-0.0001,-0,0,-0.0001,27.697,-0,0,-0,0,-0,87.785,90,-0,-0,0,-0,26.605,-0,0,0,-0,0,-32.031,-127.56,-47.257,-4.7409,-6.6836,-8.756,-23.587,-130.41,58.968,-7.7019,9.2023,-13.769,87.385,90,-0.0001,-0,0,-0.0001,29.809,-0,0,-0,0,-0,87.51,90,-0,-0,0,-0,28.483,-0,0,0,-0,0,-32.177,-127.56,-47.257,-4.7409,-6.6836,-8.756,-20.51,-130.41,58.968,-7.7019,9.2023,-13.769,87.079,90,-0.0001,-0,0,-0.0001,31.653,-0,0,-0.0012,0,-0,87.215,90,-0,-0,0,-0,30.367,-0,0,0,-0,0,-32.196,-127.56,-47.256,-4.7409,-6.6836,-8.756,-23.759,-130.41,58.968,-7.7361,9.2023,-13.769,86.756,90,-0.0001,0.0001,0,-0.0001,33.721,-0,0,-0,0,-0,86.902,90,-0,-0,0,-0,32.249,-0,0,0,-0,0,-32.088,-127.56,-47.257,-4.7409,-6.6836,-8.756,-18.118,-130.58,58.968,-7.7019,9.2023,-13.769,86.414,90,-0.0001,-0,0,-0.0001,35.39,-0,0,-0,0,-0,86.57,90,-0,-0,0,-0,34.122,-0,0,0,-0,0,-31.854,-127.56,-47.257,-4.7409,-6.6836,-8.756,-16.237,-130.58,58.968,-7.7019,9.2023,-13.769,86.053,90,-0.0001,-0,0,-0.0001,37.198,-0,0,-0,0,-0,86.22,90,-0,-0,0,-0,35.979,-0,0,0,-0,0,-31.493,-127.56,-47.257,-4.7409,-6.6836,-8.756,0,1
-24.271,-130.41,58.797,-7.7361,9.2023,-13.769,88.814,90,-0.0001,0.0001,0,-0.0001,18.699,-0,0,0.0001,0,-0,88.886,90,-0,-0,0,-0,17.563,-0,0,0,-0,0,-29.434,-127.56,-47.256,-4.741,-6.6835,-8.756,-21.878,-130.41,58.797,-7.7019,9.2023,-13.769,88.621,90,-0.0001,-0,0,-0.0001,20.394,-0,0,-0,0,-0,88.701,90,-0,-0,0,-0,19.301,-0,0,0,-0,0,-30.196,-127.56,-47.256,-4.7409,-6.6835,-8.756,-22.048,-130.41,58.797,-7.7019,9.2023,-13.769,88.41,90,-0.0001,-0,0,-0.0001,22.233,-0,0,-0,0,-0,88.5,90,-0,-0,0,-0,21.082,-0,0,0,-0,0,-30.839,-127.56,-47.257,-4.7409,-6.6835,-8.756,-21.194,-130.41,58.797,-7.7019,9.2023,-13.769,88.18,90,-0.0001,-0,0,-0.0001,24.076,-0,0,-0,0,-0,88.28,90,-0,-0,0,-0,22.897,-0,0,0,-0,0,-31.361,-127.56,-47.257,-4.7409,-6.6835,-8.756,-15.896,-130.41,58.797,-7.7019,9.2023,-13.769,87.934,90,-0.0001,-0,0,-0.0001,25.689,-0,0,-0,0,-0,88.042,90,-0,-0,0,-0,24.741,-0,0,0,-0,0,-31.759,-127.56,-47.257,-4.7409,-6.6836,-8.756,-19.485,-130.41,58.797,-7.7019,9.2023,-13.769,87.67,90,-0.0001,-0,0,-0.0001,27.697,-0,0,-0,0,-0,87.785,90,-0,-0,0,-0,26.605,-0,0,0,-0,0,-32.031,-127.56,-47.257,-4.7409,-6.6836,-8.756,-23.587,-130.41,58.968,-7.7019,9.2023,-13.769,87.385,90,-0.0001,-0,0,-0.0001,29.809,-0,0,-0,0,-0,87.51,90,-0,-0,0,-0,28.483,-0,0,0,-0,0,-32.177,-127.56,-47.257,-4.7409,-6.6836,-8.756,-20.51,-130.41,58.968,-7.7019,9.2023,-13.769,87.079,90,-0.0001,-0,0,-0.0001,31.653,-0,0,-0.0012,0,-0,87.215,90,-0,-0,0,-0,30.367,-0,0,0,-0,0,-32.196,-127.56,-47.256,-4.7409,-6.6836,-8.756,-23.759,-130.41,58.968,-7.7361,9.2023,-13.769,86.756,90,-0.0001,0.0001,0,-0.0001,33.721,-0,0,-0,0,-0,86.902,90,-0,-0,0,-0,32.249,-0,0,0,-0,0,-32.088,-127.56,-47.257,-4.7409,-6.6836,-8.756,-18.118,-130.58,58.968,-7.7019,9.2023,-13.769,86.414,90,-0.0001,-0,0,-0.0001,35.39,-0,0,-0,0,-0,86.57,90,-0,-0,0,-0,34.122,-0,0,0,-0,0,-31.854,-127.56,-47.257,-4.7409,-6.6836,-8.756,0,1
-22.048,-130.41,58.797,-7.7019,9.2023,-13.769,88.989,90,-0.0001,-0,0,-0.0001,16.88,-0,0,-0.0053,0,-0,89.053,90,-0,-0,0,-0,15.874,-0,0,0,-0,0,-28.555,-127.56,-47.256,-4.741,-6.6835,-8.756,-24.271,-130.41,58.797,-7.7361,9.2023,-13.769,88.814,90,-0.0001,0.0001,0,-0.0001,18.699,-0,0,0.0001,0,-0,88.886,90,-0,-0,0,-0,17.563,-0,0,0,-0,0,-29.434,-127.56,-47.256,-4.741,-6.6835,-8.756,-21.878,-130.41,58.797,-7.7019,9.2023,-13.769,88.621,90,-0.0001,-0,0,-0.0001,20.394,-0,0,-0,0,-0,88.701,90,-0,-0,0,-0,19.301,-0,0,0,-0,0,-30.196,-127.56,-47.256,-4.7409,-6.6835,-8.756,-22.048,-130.41,58.797,-7.7019,9.2023,-13.769,88.41,90,-0.0001,-0,0,-0.0001,22.233,-0,0,-0,0,-0,88.5,90,-0,-0,0,-0,21.082,-0,0,0,-0,0,-30.839,-127.56,-47.257,-4.7409,-6.6835,-8.756,-21.194,-130.41,58.797,-7.7019,9.2023,-13.769,88.18,90,-0.0001,-0,0,-0.0001,24.076,-0,0,-0,0,-0,88.28,90,-0,-0,0,-0,22.897,-0,0,0,-0,0,-31.361,-127.56,-47.257,-4.7409,-6.6835,-8.756,-15.896,-130.41,58.797,-7.7019,9.2023,-13.769,87.934,90,-0.0001,-0,0,-0.0001,25.689,-0,0,-0,0,-0,88.042,90,-0,-0,0,-0,24.741,-0,0,0,-0,0,-31.759,-127.56,-47.257,-4.7409,-6.6836,-8.756,-19.485,-130.41,58.797,-7.7019,9.2023,-13.769,87.67,90,-0.0001,-0,0,-0.0001,27.697,-0,0,-0,0,-0,87.785,90,-0,-0,0,-0,26.605,-0,0,0,-0,0,-32.031,-127.56,-47.257,-4.7409,-6.6836,-8.756,-23.587,-130.41,58.968,-7.7019,9.2023,-13.769,87.385,90,-0.0001,-0,0,-0.0001,29.809,-0,0,-0,0,-0,87.51,90,-0,-0,0,-0,28.483,-0,0,0,-0,0,-32.177,-127.56,-47.257,-4.7409,-6.6836,-8.756,-20.51,-130.41,58.968,-7.7019,9.2023,-13.769,87.079,90,-0.0001,-0,0,-0.0001,31.653,-0,0,-0.0012,0,-0,87.215,90,-0,-0,0,-0,30.367,-0,0,0,-0,0,-32.196,-127.56,-47.256,-4.7409,-6.6836,-8.756,-23.759,-130.41,58.968,-7.7361,9.2023,-13.769,86.756,90,-0.0001,0.0001,0,-0.0001,33.721,-0,0,-0,0,-0,86.902,90,-0,-0,0,-0,32.249,-0,0,0,-0,0,-32.088,-127.56,-47.257,-4.7409,-6.6836,-8.756,0,1
-15.212,-130.41,58.797,-7.7361,9.2023,-13.769,89.145,90,-0.0001,-0,0,-0.0001,14.963,-0,0,-0,0,-0,89.204,90,-0,-0,0,-0,14.24,-0,0,0,-0,0,-27.564,-127.56,-47.256,-4.741,-6.6835,-8.7561,-22.048,-130.41,58.797,-7.7019,9.2023,-13.769,88.989,90,-0.0001,-0,0,-0.0001,16.88,-0,0,-0.0053,0,-0,89.053,90,-0,-0,0,-0,15.874,-0,0,0,-0,0,-28.555,-127.56,-47.256,-4.741,-6.6835,-8.756,-24.271,-130.41,58.797,-7.7361,9.2023,-13.769,88.814,90,-0.0001,0.0001,0,-0.0001,18.699,-0,0,0.0001,0,-0,88.886,90,-0,-0,0,-0,17.563,-0,0,0,-0,0,-29.434,-127.56,-47.256,-4.741,-6.6835,-8.756,-21.878,-130.41,58.797,-7.7019,9.2023,-13.769,88.621,90,-0.0001,-0,0,-0.0001,20.394,-0,0,-0,0,-0,88.701,90,-0,-0,0,-0,19.301,-0,0,0,-0,0,-30.196,-127.56,-47.256,-4.7409,-6.6835,-8.756,-22.048,-130.41,58.797,-7.7019,9.2023,-13.769,88.41,90,-0.0001,-0,0,-0.0001,22.233,-0,0,-0,0,-0,88.5,90,-0,-0,0,-0,21.082,-0,0,0,-0,0,-30.839,-127.56,-47.257,-4.7409,-6.6835,-8.756,-21.194,-130.41,58.797,-7.7019,9.2023,-13.769,88.18,90,-0.0001,-0,0,-0.0001,24.076,-0,0,-0,0,-0,88.28,90,-0,-0,0,-0,22.897,-0,0,0,-0,0,-31.361,-127.56,-47.257,-4.7409,-6.6835,-8.756,-15.896,-130.41,58.797,-7.7019,9.2023,-13.769,87.934,90,-0.0001,-0,0,-0.0001,25.689,-0,0,-0,0,-0,88.042,90,-0,-0,0,-0,24.741,-0,0,0,-0,0,-31.759,-127.56,-47.257,-4.7409,-6.6836,-8.756,-19.485,-130.41,58.797,-7.7019,9.2023,-13.769,87.67,90,-0.0001,-0,0,-0.0001,27.697,-0,0,-0,0,-0,87.785,90,-0,-0,0,-0,26.605,-0,0,0,-0,0,-32.031,-127.56,-47.257,-4.7409,-6.6836,-8.756,-23.587,-130.41,58.968,-7.7019,9.2023,-13.769,87.385,90,-0.0001,-0,0,-0.0001,29.809,-0,0,-0,0,-0,87.51,90,-0,-0,0,-0,28.483,-0,0,0,-0,0,-32.177,-127.56,-47.257,-4.7409,-6.6836,-8.756,-20.51,-130.41,58.968,-7.7019,9.2023,-13.769,87.079,90,-0.0001,-0,0,-0.0001,31.653,-0,0,-0.0012,0,-0,87.215,90,-0,-0,0,-0,30.367,-0,0,0,-0,0,-32.196,-127.56,-47.256,-4.7409,-6.6836,-8.756,0,1
-13.502,-130.41,58.797,-7.7361,9.2023,-13.735,89.284,90,-0.0001,-0,0,-0.0001,13.352,-0,0,-0,0,-0,89.338,90,-0,-0,0,-0,12.669,-0,0,0,-0,0,-26.464,-127.56,-47.256,-4.741,-6.6835,-8.7561,-15.212,-130.41,58.797,-7.7361,9.2023,-13.769,89.145,90,-0.0001,-0,0,-0.0001,14.963,-0,0,-0,0,-0,89.204,90,-0,-0,0,-0,14.24,-0,0,0,-0,0,-27.564,-127.56,-47.256,-4.741,-6.6835,-8.7561,-22.048,-130.41,58.797,-7.7019,9.2023,-13.769,88.989,90,-0.0001,-0,0,-0.0001,16.88,-0,0,-0.0053,0,-0,89.053,90,-0,-0,0,-0,15.874,-0,0,0,-0,0,-28.555,-127.56,-47.256,-4.741,-6.6835,-8.756,-24.271,-130.41,58.797,-7.7361,9.2023,-13.769,88.814,90,-0.0001,0.0001,0,-0.0001,18.699,-0,0,0.0001,0,-0,88.886,90,-0,-0,0,-0,17.563,-0,0,0,-0,0,-29.434,-127.56,-47.256,-4.741,-6.6835,-8.756,-21.878,-130.41,58.797,-7.7019,9.2023,-13.769,88.621,90,-0.0001,-0,0,-0.0001,20.394,-0,0,-0,0,-0,88.701,90,-0,-0,0,-0,19.301,-0,0,0,-0,0,-30.196,-127.56,-47.256,-4.7409,-6.6835,-8.756,-22.048,-130.41,58.797,-7.7019,9.2023,-13.769,88.41,90,-0.0001,-0,0,-0.0001,22.233,-0,0,-0,0,-0,88.5,90,-0,-0,0,-0,21.082,-0,0,0,-0,0,-30.839,-127.56,-47.257,-4.7409,-6.6835,-8.756,-21.194,-130.41,58.797,-7.7019,9.2023,-13.769,88.18,90,-0.0001,-0,0,-0.0001,24.076,-0,0,-0,0,-0,88.28,90,-0,-0,0,-0,22.897,-0,0,0,-0,0,-31.361,-127.56,-47.257,-4.7409,-6.6835,-8.756,-15.896,-130.41,58.797,-7.7019,9.2023,-13.769,87.934,90,-0.0001,-0,0,-0.0001,25.689,-0,0,-0,0,-0,88.042,90,-0,-0,0,-0,24.741,-0,0,0,-0,0,-31.759,-127.56,-47.257,-4.7409,-6.6836,-8.756,-19.485,-130.41,58.797,-7.7019,9.2023,-13.769,87.67,90,-0.0001,-0,0,-0.0001,27.697,-0,0,-0,0,-0,87.785,90,-0,-0,0,-0,26.605,-0,0,0,-0,0,-32.031,-127.56,-47.257,-4.7409,-6.6836,-8.756,-23.587,-130.41,58.968,-7.7019,9.2023,-13.769,87.385,90,-0.0001,-0,0,-0.0001,29.809,-0,0,-0,0,-0,87.51,90,-0,-0,0,-0,28.483,-0,0,0,-0,0,-32.177,-127.56,-47.257,-4.7409,-6.6836,-8.756,0,1
-14.016,-130.41,58.797,-7.7361,9.2023,-13.735,89.409,90,-0.0001,0.0001,0,-0.0001,11.873,-0,0,-0,0,-0,89.457,90,-0,-0,0,-0,11.165,-0,0,0,-0,0,-25.259,-127.56,-47.256,-4.741,-6.6835,-8.7561,-13.502,-130.41,58.797,-7.7361,9.2023,-13.735,89.284,90,-0.0001,-0,0,-0.0001,13.352,-0,0,-0,0,-0,89.338,90,-0,-0,0,-0,12.669,-0,0,0,-0,0,-26.464,-127.56,-47.256,-4.741,-6.6835,-8.7561,-15.212,-130.41,58.797,-7.7361,9.2023,-13.769,89.145,90,-0.0001,-0,0,-0.0001,14.963,-0,0,-0,0,-0,89.204,90,-0,-0,0,-0,14.24,-0,0,0,-0,0,-27.564,-127.56,-47.256,-4.741,-6.6835,-8.7561,-22.048,-130.41,58.797,-7.7019,9.2023,-13.769,88.989,90,-0.0001,-0,0,-0.0001,16.88,-0,0,-0.0053,0,-0,89.053,90,-0,-0,0,-0,15.874,-0,0,0,-0,0,-28.555,-127.56,-47.256,-4.741,-6.6835,-8.756,-24.271,-130.41,58.797,-7.7361,9.2023,-13.769,88.814,90,-0.0001,0.0001,0,-0.0001,18.699,-0,0,0.0001,0,-0,88.886,90,-0,-0,0,-0,17.563,-0,0,0,-0,0,-29.434,-127.56,-47.256,-4.741,-6.6835,-8.756,-21.878,-130.41,58.797,-7.7019,9.2023,-13.769,88.621,90,-0.0001,-0,0,-0.0001,20.394,-0,0,-0,0,-0,88.701,90,-0,-0,0,-0,19.301,-0,0,0,-0,0,-30.196,-127.56,-47.256,-4.7409,-6.6835,-8.756,-22.048,-130.41,58.797,-7.7019,9.2023,-13.769,88.41,90,-0.0001,-0,0,-0.0001,22.233,-0,0,-0,0,-0,88.5,90,-0,-0,0,-0,21.082,-0,0,0,-0,0,-30.839,-127.56,-47.257,-4.7409,-6.6835,-8.756,-21.194,-130.41,58.797,-7.7019,9.2023,-13.769,88.18,90,-0.0001,-0,0,-0.0001,24.076,-0,0,-0,0,-0,88.28,90,-0,-0,0,-0,22.897,-0,0,0,-0,0,-31.361,-127.56,-47.257,-4.7409,-6.6835,-8.756,-15.896,-130.41,58.797,-7.7019,9.2023,-13.769,87.934,90,-0.0001,-0,0,-0.0001,25.689,-0,0,-0,0,-0,88.042,90,-0,-0,0,-0,24.741,-0,0,0,-0,0,-31.759,-127.56,-47.257,-4.7409,-6.6836,-8.756,-19.485,-130.41,58.797,-7.7019,9.2023,-13.769,87.67,90,-0.0001,-0,0,-0.0001,27.697,-0,0,-0,0,-0,87.785,90,-0,-0,0,-0,26.605,-0,0,0,-0,0,-32.031,-127.56,-47.257,-4.7409,-6.6836,-8.756,0,1
-15.725,-130.41,58.797,-7.7361,9.2023,-13.735,89.519,90,-0.0001,0.0001,0,-0.0001,10.523,-0,0,-0,0,-0,89.561,90,-0,-0,0,-0,9.7368,-0,0,0,-0,0,-23.955,-127.56,-47.256,-4.741,-6.6835,-8.7561,-14.016,-130.41,58.797,-7.7361,9.2023,-13.735,89.409,90,-0.0001,0.0001,0,-0.0001,11.873,-0,0,-0,0,-0,89.457,90,-0,-0,0,-0,11.165,-0,0,0,-0,0,-25.259,-127.56,-47.256,-4.741,-6.6835,-8.7561,-13.502,-130.41,58.797,-7.7361,9.2023,-13.735,89.284,90,-0.0001,-0,0,-0.0001,13.352,-0,0,-0,0,-0,89.338,90,-0,-0,0,-0,12.669,-0,0,0,-0,0,-26.464,-127.56,-47.256,-4.741,-6.6835,-8.7561,-15.212,-130.41,58.797,-7.7361,9.2023,-13.769,89.145,90,-0.0001,-0,0,-0.0001,14.963,-0,0,-0,0,-0,89.204,90,-0,-0,0,-0,14.24,-0,0,0,-0,0,-27.564,-127.56,-47.256,-4.741,-6.6835,-8.7561,-22.048,-130.41,58.797,-7.7019,9.2023,-13.769,88.989,90,-0.0001,-0,0,-0.0001,16.88,-0,0,-0.0053,0,-0,89.053,90,-0,-0,0,-0,15.874,-0,0,0,-0,0,-28.555,-127.56,-47.256,-4.741,-6.6835,-8.756,-24.271,-130.41,58.797,-7.7361,9.2023,-13.769,88.814,90,-0.0001,0.0001,0,-0.0001,18.699,-0,0,0.0001,0,-0,88.886,90,-0,-0,0,-0,17.563,-0,0,0,-0,0,-29.434,-127.56,-47.256,-4.741,-6.6835,-8.756,-21.878,-130.41,58.797,-7.7019,9.2023,-13.769,88.621,90,-0.0001,-0,0,-0.0001,20.394,-0,0,-0,0,-0,88.701,90,-0,-0,0,-0,19.301,-0,0,0,-0,0,-30.196,-127.56,-47.256,-4.7409,-6.6835,-8.756,-22.048,-130.41,58.797,-7.7019,9.2023,-13.769,88.41,90,-0.0001,-0,0,-0.0001,22.233,-0,0,-0,0,-0,88.5,90,-0,-0,0,-0,21.082,-0,0,0,-0,0,-30.839,-127.56,-47.257,-4.7409,-6.6835,-8.756,-21.194,-130.41,58.797,-7.7019,9.2023,-13.769,88.18,90,-0.0001,-0,0,-0.0001,24.076,-0,0,-0,0,-0,88.28,90,-0,-0,0,-0,22.897,-0,0,0,-0,0,-31.361,-127.56,-47.257,-4.7409,-6.6835,-8.756,-15.896,-130.41,58.797,-7.7019,9.2023,-13.769,87.934,90,-0.0001,-0,0,-0.0001,25.689,-0,0,-0,0,-0,88.042,90,-0,-0,0,-0,24.741,-0,0,0,-0,0,-31.759,-127.56,-47.257,-4.7409,-6.6836,-8.756,0,1
-17.605,-130.41,58.797,-7.7361,9.2023,-13.735,89.616,90,-0.0001,-0,0,-0.0001,9.2247,-0,0,-0,0,-0,89.652,90,-0,-0,0,-0,8.3879,-0,0,0,-0,0,-22.556,-127.56,-47.256,-4.7411,-6.6835,-8.7561,-15.725,-130.41,58.797,-7.7361,9.2023,-13.735,89.519,90,-0.0001,0.0001,0,-0.0001,10.523,-0,0,-0,0,-0,89.561,90,-0,-0,0,-0,9.7368,-0,0,0,-0,0,-23.955,-127.56,-47.256,-4.741,-6.6835,-8.7561,-14.016,-130.41,58.797,-7.7361,9.2023,-13.735,89.409,90,-0.0001,0.0001,0,-0.0001,11.873,-0,0,-0,0,-0,89.457,90,-0,-0,0,-0,11.165,-0,0,0,-0,0,-25.259,-127.56,-47.256,-4.741,-6.6835,-8.7561,-13.502,-130.41,58.797,-7.7361,9.2023,-13.735,89.284,90,-0.0001,-0,0,-0.0001,13.352,-0,0,-0,0,-0,89.338,90,-0,-0,0,-0,12.669,-0,0,0,-0,0,-26.464,-127.56,-47.256,-4.741,-6.6835,-8.7561,-15.212,-130.41,58.797,-7.7361,9.2023,-13.769,89.145,90,-0.0001,-0,0,-0.0001,14.963,-0,0,-0,0,-0,89.204,90,-0,-0,0,-0,14.24,-0,0,0,-0,0,-27.564,-127.56,-47.256,-4.741,-6.6835,-8.7561,-22.048,-130.41,58.797,-7.7019,9.2023,-13.769,88.989,90,-0.0001,-0,0,-0.0001,16.88,-0,0,-0.0053,0,-0,89.053,90,-0,-0,0,-0,15.874,-0,0,0,-0,0,-28.555,-127.56,-47.256,-4.741,-6.6835,-8.756,-24.271,-130.41,58.797,-7.7361,9.2023,-13.769,88.814,90,-0.0001,0.0001,0,-0.0001,18.699,-0,0,0.0001,0,-0,88.886,90,-0,-0,0,-0,17.563,-0,0,0,-0,0,-29.434,-127.56,-47.256,-4.741,-6.6835,-8.756,-21.878,-130.41,58.797,-7.7019,9.2023,-13.769,88.621,90,-0.0001,-0,0,-0.0001,20.394,-0,0,-0,0,-0,88.701,90,-0,-0,0,-0,19.301,-0,0,0,-0,0,-30.196,-127.56,-47.256,-4.7409,-6.6835,-8.756,-22.048,-130.41,58.797,-7.7019,9.2023,-13.769,88.41,90,-0.0001,-0,0,-0.0001,22.233,-0,0,-0,0,-0,88.5,90,-0,-0,0,-0,21.082,-0,0,0,-0,0,-30.839,-127.56,-47.257,-4.7409,-6.6835,-8.756,-21.194,-130.41,58.797,-7.7019,9.2023,-13.769,88.18,90,-0.0001,-0,0,-0.0001,24.076,-0,0,-0,0,-0,88.28,90,-0,-0,0,-0,22.897,-0,0,0,-0,0,-31.361,-127.56,-47.257,-4.7409,-6.6835,-8.756,0,1
-19.485,-130.24,58.797,-7.7361,9.2023,-13.735,89.7,90,-0.0001,-0,0,-0.0001,7.9841,-0,0,-0,0,-0,89.73,90,-0,-0,0,-0,7.1244,-0,0,0,-0,0,-21.068,-127.56,-47.256,-4.7411,-6.6835,-8.7562,-17.605,-130.41,58.797,-7.7361,9.2023,-13.735,89.616,90,-0.0001,-0,0,-0.0001,9.2247,-0,0,-0,0,-0,89.652,90,-0,-0,0,-0,8.3879,-0,0,0,-0,0,-22.556,-127.56,-47.256,-4.7411,-6.6835,-8.7561,-15.725,-130.41,58.797,-7.7361,9.2023,-13.735,89.519,90,-0.0001,0.0001,0,-0.0001,10.523,-0,0,-0,0,-0,89.561,90,-0,-0,0,-0,9.7368,-0,0,0,-0,0,-23.955,-127.56,-47.256,-4.741,-6.6835,-8.7561,-14.016,-130.41,58.797,-7.7361,9.2023,-13.735,89.409,90,-0.0001,0.0001,0,-0.0001,11.873,-0,0,-0,0,-0,89.457,90,-0,-0,0,-0,11.165,-0,0,0,-0,0,-25.259,-127.56,-47.256,-4.741,-6.6835,-8.7561,-13.502,-130.41,58.797,-7.7361,9.2023,-13.735,89.284,90,-0.0001,-0,0,-0.0001,13.352,-0,0,-0,0,-0,89.338,90,-0,-0,0,-0,12.669,-0,0,0,-0,0,-26.464,-127.56,-47.256,-4.741,-6.6835,-8.7561,-15.212,-130.41,58.797,-7.7361,9.2023,-13.769,89.145,90,-0.0001,-0,0,-0.0001,14.963,-0,0,-0,0,-0,89.204,90,-0,-0,0,-0,14.24,-0,0,0,-0,0,-27.564,-127.56,-47.256,-4.741,-6.6835,-8.7561,-22.048,-130.41,58.797,-7.7019,9.2023,-13.769,88.989,90,-0.0001,-0,0,-0.0001,16.88,-0,0,-0.0053,0,-0,89.053,90,-0,-0,0,-0,15.874,-0,0,0,-0,0,-28.555,-127.56,-47.256,-4.741,-6.6835,-8.756,-24.271,-130.41,58.797,-7.7361,9.2023,-13.769,88.814,90,-0.0001,0.0001,0,-0.0001,18.699,-0,0,0.0001,0,-0,88.886,90,-0,-0,0,-0,17.563,-0,0,0,-0,0,-29.434,-127.56,-47.256,-4.741,-6.6835,-8.756,-21.878,-130.41,58.797,-7.7019,9.2023,-13.769,88.621,90,-0.0001,-0,0,-0.0001,20.394,-0,0,-0,0,-0,88.701,90,-0,-0,0,-0,19.301,-0,0,0,-0,0,-30.196,-127.56,-47.256,-4.7409,-6.6835,-8.756,-22.048,-130.41,58.797,-7.7019,9.2023,-13.769,88.41,90,-0.0001,-0,0,-0.0001,22.233,-0,0,-0,0,-0,88.5,90,-0,-0,0,-0,21.082,-0,0,0,-0,0,-30.839,-127.56,-47.257,-4.7409,-6.6835,-8.756,0,1
-14.87,-130.24,58.797,-7.7361,9.2023,-13.735,89.771,90,-0.0001,-0,0,-0.0001,6.572,-0,0,-0,0,-0,89.795,90,-0,-0,0,-0,5.951,-0,0,0,-0,0,-19.497,-127.56,-47.256,-4.7411,-6.6835,-8.7562,-19.485,-130.24,58.797,-7.7361,9.2023,-13.735,89.7,90,-0.0001,-0,0,-0.0001,7.9841,-0,0,-0,0,-0,89.73,90,-0,-0,0,-0,7.1244,-0,0,0,-0,0,-21.068,-127.56,-47.256,-4.7411,-6.6835,-8.7562,-17.605,-130.41,58.797,-7.7361,9.2023,-13.735,89.616,90,-0.0001,-0,0,-0.0001,9.2247,-0,0,-0,0,-0,89.652,90,-0,-0,0,-0,8.3879,-0,0,0,-0,0,-22.556,-127.56,-47.256,-4.7411,-6.6835,-8.7561,-15.725,-130.41,58.797,-7.7361,9.2023,-13.735,89.519,90,-0.0001,0.0001,0,-0.0001,10.523,-0,0,-0,0,-0,89.561,90,-0,-0,0,-0,9.7368,-0,0,0,-0,0,-23.955,-127.56,-47.256,-4.741,-6.6835,-8.7561,-14.016,-130.41,58.797,-7.7361,9.2023,-13.735,89.409,90,-0.0001,0.0001,0,-0.0001,11.873,-0,0,-0,0,-0,89.457,90,-0,-0,0,-0,11.165,-0,0,0,-0,0,-25.259,-127.56,-47.256,-4.741,-6.6835,-8.7561,-13.502,-130.41,58.797,-7.7361,9.2023,-13.735,89.284,90,-0.0001,-0,0,-0.0001,13.352,-0,0,-0,0,-0,89.338,90,-0,-0,0,-0,12.669,-0,0,0,-0,0,-26.464,-127.56,-47.256,-4.741,-6.6835,-8.7561,-15.212,-130.41,58.797,-7.7361,9.2023,-13.769,89.145,90,-0.0001,-0,0,-0.0001,14.963,-0,0,-0,0,-0,89.204,90,-0,-0,0,-0,14.24,-0,0,0,-0,0,-27.564,-127.56,-47.256,-4.741,-6.6835,-8.7561,-22.048,-130.41,58.797,-7.7019,9.2023,-13.769,88.989,90,-0.0001,-0,0,-0.0001,16.88,-0,0,-0.0053,0,-0,89.053,90,-0,-0,0,-0,15.874,-0,0,0,-0,0,-28.555,-127.56,-47.256,-4.741,-6.6835,-8.756,-24.271,-130.41,58.797,-7.7361,9.2023,-13.769,88.814,90,-0.0001,0.0001,0,-0.0001,18.699,-0,0,0.0001,0,-0,88.886,90,-0,-0,0,-0,17.563,-0,0,0,-0,0,-29.434,-127.56,-47.256,-4.741,-6.6835,-8.756,-21.878,-130.41,58.797,-7.7019,9.2023,-13.769,88.621,90,-0.0001,-0,0,-0.0001,20.394,-0,0,-0,0,-0,88.701,90,-0,-0,0,-0,19.301,-0,0,0,-0,0,-30.196,-127.56,-47.256,-4.7409,-6.6835,-8.756,0,1
-12.307,-130.24,58.797,-7.7361,9.2023,-13.735,89.829,90,-0.0001,-0,0,-0.0001,5.3401,-0,0,-0,0,-0,89.849,90,-0,-0,0,-0,4.8725,-0,0,0,-0,0,-17.85,-127.56,-47.256,-4.7411,-6.6835,-8.7562,-14.87,-130.24,58.797,-7.7361,9.2023,-13.735,89.771,90,-0.0001,-0,0,-0.0001,6.572,-0,0,-0,0,-0,89.795,90,-0,-0,0,-0,5.951,-0,0,0,-0,0,-19.497,-127.56,-47.256,-4.7411,-6.6835,-8.7562,-19.485,-130.24,58.797,-7.7361,9.2023,-13.735,89.7,90,-0.0001,-0,0,-0.0001,7.9841,-0,0,-0,0,-0,89.73,90,-0,-0,0,-0,7.1244,-0,0,0,-0,0,-21.068,-127.56,-47.256,-4.7411,-6.6835,-8.7562,-17.605,-130.41,58.797,-7.7361,9.2023,-13.735,89.616,90,-0.0001,-0,0,-0.0001,9.2247,-0,0,-0,0,-0,89.652,90,-0,-0,0,-0,8.3879,-0,0,0,-0,0,-22.556,-127.56,-47.256,-4.7411,-6.6835,-8.7561,-15.725,-130.41,58.797,-7.7361,9.2023,-13.735,89.519,90,-0.0001,0.0001,0,-0.0001,10.523,-0,0,-0,0,-0,89.561,90,-0,-0,0,-0,9.7368,-0,0,0,-0,0,-23.955,-127.56,-47.256,-4.741,-6.6835,-8.7561,-14.016,-130.41,58.797,-7.7361,9.2023,-13.735,89.409,90,-0.0001,0.0001,0,-0.0001,11.873,-0,0,-0,0,-0,89.457,90,-0,-0,0,-0,11.165,-0,0,0,-0,0,-25.259,-127.56,-47.256,-4.741,-6.6835,-8.7561,-13.502,-130.41,58.797,-7.7361,9.2023,-13.735,89.284,90,-0.0001,-0,0,-0.0001,13.352,-0,0,-0,0,-0,89.338,90,-0,-0,0,-0,12.669,-0,0,0,-0,0,-26.464,-127.56,-47.256,-4.741,-6.6835,-8.7561,-15.212,-130.41,58.797,-7.7361,9.2023,-13.769,89.145,90,-0.0001,-0,0,-0.0001,14.963,-0,0,-0,0,-0,89.204,90,-0,-0,0,-0,14.24,-0,0,0,-0,0,-27.564,-127.56,-47.256,-4.741,-6.6835,-8.7561,-22.048,-130.41,58.797,-7.7019,9.2023,-13.769,88.989,90,-0.0001,-0,0,-0.0001,16.88,-0,0,-0.0053,0,-0,89.053,90,-0,-0,0,-0,15.874,-0,0,0,-0,0,-28.555,-127.56,-47.256,-4.741,-6.6835,-8.756,-24.271,-130.41,58.797,-7.7361,9.2023,-13.769,88.814,90,-0.0001,0.0001,0,-0.0001,18.699,-0,0,0.0001,0,-0,88.886,90,-0,-0,0,-0,17.563,-0,0,0,-0,0,-29.434,-127.56,-47.256,-4.741,-6.6835,-8.756,0,1
-10.597,-130.24,58.797,-7.7361,9.2023,-13.735,89.877,90,-0.0001,-0,0,-0.0001,4.2594,-0,0,-0,0,-0,89.893,90,-0,-0,0,-0,3.8932,-0,0,0,-0,0,-16.131,-127.56,-47.256,-4.7412,-6.6835,-8.7563,-12.307,-130.24,58.797,-7.7361,9.2023,-13.735,89.829,90,-0.0001,-0,0,-0.0001,5.3401,-0,0,-0,0,-0,89.849,90,-0,-0,0,-0,4.8725,-0,0,0,-0,0,-17.85,-127.56,-47.256,-4.7411,-6.6835,-8.7562,-14.87,-130.24,58.797,-7.7361,9.2023,-13.735,89.771,90,-0.0001,-0,0,-0.0001,6.572,-0,0,-0,0,-0,89.795,90,-0,-0,0,-0,5.951,-0,0,0,-0,0,-19.497,-127.56,-47.256,-4.7411,-6.6835,-8.7562,-19.485,-130.24,58.797,-7.7361,9.2023,-13.735,89.7,90,-0.0001,-0,0,-0.0001,7.9841,-0,0,-0,0,-0,89.73,90,-0,-0,0,-0,7.1244,-0,0,0,-0,0,-21.068,-127.56,-47.256,-4.7411,-6.6835,-8.7562,-17.605,-130.41,58.797,-7.7361,9.2023,-13.735,89.616,90,-0.0001,-0,0,-0.0001,9.2247,-0,0,-0,0,-0,89.652,90,-0,-0,0,-0,8.3879,-0,0,0,-0,0,-22.556,-127.56,-47.256,-4.7411,-6.6835,-8.7561,-15.725,-130.41,58.797,-7.7361,9.2023,-13.735,89.519,90,-0.0001,0.0001,0,-0.0001,10.523,-0,0,-0,0,-0,89.561,90,-0,-0,0,-0,9.7368,-0,0,0,-0,0,-23.955,-127.56,-47.256,-4.741,-6.6835,-8.7561,-14.016,-130.41,58.797,-7.7361,9.2023,-13.735,89.409,90,-0.0001,0.0001,0,-0.0001,11.873,-0,0,-0,0,-0,89.457,90,-0,-0,0,-0,11.165,-0,0,0,-0,0,-25.259,-127.56,-47.256,-4.741,-6.6835,-8.7561,-13.502,-130.41,58.797,-7.7361,9.2023,-13.735,89.284,90,-0.0001,-0,0,-0.0001,13.352,-0,0,-0,0,-0,89.338,90,-0,-0,0,-0,12.669,-0,0,0,-0,0,-26.464,-127.56,-47.256,-4.741,-6.6835,-8.7561,-15.212,-130.41,58.797,-7.7361,9.2023,-13.769,89.145,90,-0.0001,-0,0,-0.0001,14.963,-0,0,-0,0,-0,89.204,90,-0,-0,0,-0,14.24,-0,0,0,-0,0,-27.564,-127.56,-47.256,-4.741,-6.6835,-8.7561,-22.048,-130.41,58.797,-7.7019,9.2023,-13.769,88.989,90,-0.0001,-0,0,-0.0001,16.88,-0,0,-0.0053,0,-0,89.053,90,-0,-0,0,-0,15.874,-0,0,0,-0,0,-28.555,-127.56,-47.256,-4.741,-6.6835,-8.756,0,1
-7.1787,-130.24,58.797,-7.7361,9.2023,-13.735,89.913,90,-0.0001,-0,0,-0.0001,3.2501,-0,0,-0,0,-0,89.927,90,-0,-0,0,-0,3.0168,-0,0,0,-0,0,-14.349,-127.56,-47.256,-4.7412,-6.6835,-8.7563,-10.597,-130.24,58.797,-7.7361,9.2023,-13.735,89.877,90,-0.0001,-0,0,-0.0001,4.2594,-0,0,-0,0,-0,89.893,90,-0,-0,0,-0,3.8932,-0,0,0,-0,0,-16.131,-127.56,-47.256,-4.7412,-6.6835,-8.7563,-12.307,-130.24,58.797,-7.7361,9.2023,-13.735,89.829,90,-0.0001,-0,0,-0.0001,5.3401,-0,0,-0,0,-0,89.849,90,-0,-0,0,-0,4.8725,-0,0,0,-0,0,-17.85,-127.56,-47.256,-4.7411,-6.6835,-8.7562,-14.87,-130.24,58.797,-7.7361,9.2023,-13.735,89.771,90,-0.0001,-0,0,-0.0001,6.572,-0,0,-0,0,-0,89.795,90,-0,-0,0,-0,5.951,-0,0,0,-0,0,-19.497,-127.56,-47.256,-4.7411,-6.6835,-8.7562,-19.485,-130.24,58.797,-7.7361,9.2023,-13.735,89.7,90,-0.0001,-0,0,-0.0001,7.9841,-0,0,-0,0,-0,89.73,90,-0,-0,0,-0,7.1244,-0,0,0,-0,0,-21.068,-127.56,-47.256,-4.7411,-6.6835,-8.7562,-17.605,-130.41,58.797,-7.7361,9.2023,-13.735,89.616,90,-0.0001,-0,0,-0.0001,9.2247,-0,0,-0,0,-0,89.652,90,-0,-0,0,-0,8.3879,-0,0,0,-0,0,-22.556,-127.56,-47.256,-4.7411,-6.6835,-8.7561,-15.725,-130.41,58.797,-7.7361,9.2023,-13.735,89.519,90,-0.0001,0.0001,0,-0.0001,10.523,-0,0,-0,0,-0,89.561,90,-0,-0,0,-0,9.7368,-0,0,0,-0,0,-23.955,-127.56,-47.256,-4.741,-6.6835,-8.7561,-14.016,-130.41,58.797,-7.7361,9.2023,-13.735,89.409,90,-0.0001,0.0001,0,-0.0001,11.873,-0,0,-0,0,-0,89.457,90,-0,-0,0,-0,11.165,-0,0,0,-0,0,-25.259,-127.56,-47.256,-4.741,-6.6835,-8.7561,-13.502,-130.41,58.797,-7.7361,9.2023,-13.735,89.284,90,-0.0001,-0,0,-0.0001,13.352,-0,0,-0,0,-0,89.338,90,-0,-0,0,-0,12.669,-0,0,0,-0,0,-26.464,-127.56,-47.256,-4.741,-6.6835,-8.7561,-15.212,-130.41,58.797,-7.7361,9.2023,-13.769,89.145,90,-0.0001,-0,0,-0.0001,14.963,-0,0,-0,0,-0,89.204,90,-0,-0,0,-0,14.24,-0,0,0,-0,0,-27.564,-127.56,-47.256,-4.741,-6.6835,-8.7561,0,1
6.1529,-130.07,58.797,-7.7361,9.2023,-13.7,89.987,90,-0.0001,-0,0,-0.0001,0.0435,-0,0,-0,0,-0,90,90,0,0,-0,0,0,0,0,0,0,0,-0,-127.56,-47.256,-4.7414,-6.6835,-8.7565,-7.1787,-130.24,58.797,-7.7361,9.2023,-13.735,89.913,90,-0.0001,-0,0,-0.0001,3.2501,-0,0,-0,0,-0,89.927,90,-0,-0,0,-0,3.0168,-0,0,0,-0,0,-14.349,-127.56,-47.256,-4.7412,-6.6835,-8.7563,-10.597,-130.24,58.797,-7.7361,9.2023,-13.735,89.877,90,-0.0001,-0,0,-0.0001,4.2594,-0,0,-0,0,-0,89.893,90,-0,-0,0,-0,3.8932,-0,0,0,-0,0,-16.131,-127.56,-47.256,-4.7412,-6.6835,-8.7563,-12.307,-130.24,58.797,-7.7361,9.2023,-13.735,89.829,90,-0.0001,-0,0,-0.0001,5.3401,-0,0,-0,0,-0,89.849,90,-0,-0,0,-0,4.8725,-0,0,0,-0,0,-17.85,-127.56,-47.256,-4.7411,-6.6835,-8.7562,-14.87,-130.24,58.797,-7.7361,9.2023,-13.735,89.771,90,-0.0001,-0,0,-0.0001,6.572,-0,0,-0,0,-0,89.795,90,-0,-0,0,-0,5.951,-0,0,0,-0,0,-19.497,-127.56,-47.256,-4.7411,-6.6835,-8.7562,-19.485,-130.24,58.797,-7.7361,9.2023,-13.735,89.7,90,-0.0001,-0,0,-0.0001,7.9841,-0,0,-0,0,-0,89.73,90,-0,-0,0,-0,7.1244,-0,0,0,-0,0,-21.068,-127.56,-47.256,-4.7411,-6.6835,-8.7562,-17.605,-130.41,58.797,-7.7361,9.2023,-13.735,89.616,90,-0.0001,-0,0,-0.0001,9.2247,-0,0,-0,0,-0,89.652,90,-0,-0,0,-0,8.3879,-0,0,0,-0,0,-22.556,-127.56,-47.256,-4.7411,-6.6835,-8.7561,-15.725,-130.41,58.797,-7.7361,9.2023,-13.735,89.519,90,-0.0001,0.0001,0,-0.0001,10.523,-0,0,-0,0,-0,89.561,90,-0,-0,0,-0,9.7368,-0,0,0,-0,0,-23.955,-127.56,-47.256,-4.741,-6.6835,-8.7561,-14.016,-130.41,58.797,-7.7361,9.2023,-13.735,89.409,90,-0.0001,0.0001,0,-0.0001,11.873,-0,0,-0,0,-0,89.457,90,-0,-0,0,-0,11.165,-0,0,0,-0,0,-25.259,-127.56,-47.256,-4.741,-6.6835,-8.7561,-13.502,-130.41,58.797,-7.7361,9.2023,-13.735,89.284,90,-0.0001,-0,0,-0.0001,13.352,-0,0,-0,0,-0,89.338,90,-0,-0,0,-0,12.669,-0,0,0,-0,0,-26.464,-127.56,-47.256,-4.741,-6.6835,-8.7561,0,1
7.6911,-130.07,58.626,-7.7361,9.2023,-13.7,89.992,90,-0.0001,-0,0,-0.0001,0.0263,-0,0,-0,0,-0,90,90,0,0,-0,0,0,0,0,0,0,0,-0,-127.56,-47.256,-4.7414,-6.6835,-8.7565,6.1529,-130.07,58.797,-7.7361,9.2023,-13.7,89.987,90,-0.0001,-0,0,-0.0001,0.0435,-0,0,-0,0,-0,90,90,0,0,-0,0,0,0,0,0,0,0,-0,-127.56,-47.256,-4.7414,-6.6835,-8.7565,-7.1787,-130.24,58.797,-7.7361,9.2023,-13.735,89.913,90,-0.0001,-0,0,-0.0001,3.2501,-0,0,-0,0,-0,89.927,90,-0,-0,0,-0,3.0168,-0,0,0,-0,0,-14.349,-127.56,-47.256,-4.7412,-6.6835,-8.7563,-10.597,-130.24,58.797,-7.7361,9.2023,-13.735,89.877,90,-0.0001,-0,0,-0.0001,4.2594,-0,0,-0,0,-0,89.893,90,-0,-0,0,-0,3.8932,-0,0,0,-0,0,-16.131,-127.56,-47.256,-4.7412,-6.6835,-8.7563,-12.307,-130.24,58.797,-7.7361,9.2023,-13.735,89.829,90,-0.0001,-0,0,-0.0001,5.3401,-0,0,-0,0,-0,89.849,90,-0,-0,0,-0,4.8725,-0,0,0,-0,0,-17.85,-127.56,-47.256,-4.7411,-6.6835,-8.7562,-14.87,-130.24,58.797,-7.7361,9.2023,-13.735,89.771,90,-0.0001,-0,0,-0.0001,6.572,-0,0,-0,0,-0,89.795,90,-0,-0,0,-0,5.951,-0,0,0,-0,0,-19.497,-127.56,-47.256,-4.7411,-6.6835,-8.7562,-19.485,-130.24,58.797,-7.7361,9.2023,-13.735,89.7,90,-0.0001,-0,0,-0.0001,7.9841,-0,0,-0,0,-0,89.73,90,-0,-0,0,-0,7.1244,-0,0,0,-0,0,-21.068,-127.56,-47.256,-4.7411,-6.6835,-8.7562,-17.605,-130.41,58.797,-7.7361,9.2023,-13.735,89.616,90,-0.0001,-0,0,-0.0001,9.2247,-0,0,-0,0,-0,89.652,90,-0,-0,0,-0,8.3879,-0,0,0,-0,0,-22.556,-127.56,-47.256,-4.7411,-6.6835,-8.7561,-15.725,-130.41,58.797,-7.7361,9.2023,-13.735,89.519,90,-0.0001,0.0001,0,-0.0001,10.523,-0,0,-0,0,-0,89.561,90,-0,-0,0,-0,9.7368,-0,0,0,-0,0,-23.955,-127.56,-47.256,-4.741,-6.6835,-8.7561,-14.016,-130.41,58.797,-7.7361,9.2023,-13.735,89.409,90,-0.0001,0.0001,0,-0.0001,11.873,-0,0,-0,0,-0,89.457,90,-0,-0,0,-0,11.165,-0,0,0,-0,0,-25.259,-127.56,-47.256,-4.741,-6.6835,-8.7561,0,1
-5.1281,-130.24,58.797,-7.7361,9.2023,-13.735,89.94,90,-0.0001,-0,0,-0.0001,2.4093,-0,0,-0,0,-0,89.953,90,-0,-0,0,-0,2.2469,-0,0,0,-0,0,-12.511,-127.56,-47.256,-4.7412,-6.6835,-8.7563,7.6911,-130.07,58.626,-7.7361,9.2023,-13.7,89.992,90,-0.0001,-0,0,-0.0001,0.0263,-0,0,-0,0,-0,90,90,0,0,-0,0,0,0,0,0,0,0,-0,-127.56,-47.256,-4.7414,-6.6835,-8.7565,6.1529,-130.07,58.797,-7.7361,9.2023,-13.7,89.987,90,-0.0001,-0,0,-0.0001,0.0435,-0,0,-0,0,-0,90,90,0,0,-0,0,0,0,0,0,0,0,-0,-127.56,-47.256,-4.7414,-6.6835,-8.7565,-7.1787,-130.24,58.797,-7.7361,9.2023,-13.735,89.913,90,-0.0001,-0,0,-0.0001,3.2501,-0,0,-0,0,-0,89.927,90,-0,-0,0,-0,3.0168,-0,0,0,-0,0,-14.349,-127.56,-47.256,-4.7412,-6.6835,-8.7563,-10.597,-130.24,58.797,-7.7361,9.2023,-13.735,89.877,90,-0.0001,-0,0,-0.0001,4.2594,-0,0,-0,0,-0,89.893,90,-0,-0,0,-0,3.8932,-0,0,0,-0,0,-16.131,-127.56,-47.256,-4.7412,-6.6835,-8.7563,-12.307,-130.24,58.797,-7.7361,9.2023,-13.735,89.829,90,-0.0001,-0,0,-0.0001,5.3401,-0,0,-0,0,-0,89.849,90,-0,-0,0,-0,4.8725,-0,0,0,-0,0,-17.85,-127.56,-47.256,-4.7411,-6.6835,-8.7562,-14.87,-130.24,58.797,-7.7361,9.2023,-13.735,89.771,90,-0.0001,-0,0,-0.0001,6.572,-0,0,-0,0,-0,89.795,90,-0,-0,0,-0,5.951,-0,0,0,-0,0,-19.497,-127.56,-47.256,-4.7411,-6.6835,-8.7562,-19.485,-130.24,58.797,-7.7361,9.2023,-13.735,89.7,90,-0.0001,-0,0,-0.0001,7.9841,-0,0,-0,0,-0,89.73,90,-0,-0,0,-0,7.1244,-0,0,0,-0,0,-21.068,-127.56,-47.256,-4.7411,-6.6835,-8.7562,-17.605,-130.41,58.797,-7.7361,9.2023,-13.735,89.616,90,-0.0001,-0,0,-0.0001,9.2247,-0,0,-0,0,-0,89.652,90,-0,-0,0,-0,8.3879,-0,0,0,-0,0,-22.556,-127.56,-47.256,-4.7411,-6.6835,-8.7561,-15.725,-130.41,58.797,-7.7361,9.2023,-13.735,89.519,90,-0.0001,0.0001,0,-0.0001,10.523,-0,0,-0,0,-0,89.561,90,-0,-0,0,-0,9.7368,-0,0,0,-0,0,-23.955,-127.56,-47.256,-4.741,-6.6835,-8.7561,0,1
-3.7607,-130.24,58.797,-7.7361,9.2023,-13.735,89.96,90,-0.0001,0.0001,0,-0.0001,1.7148,-0,0,-0,0,-0,89.972,90,-0,-0,0,-0,1.5865,-0,0,0,-0,0,-10.623,-127.56,-47.256,-4.7413,-6.6835,-8.7564,-5.1281,-130.24,58.797,-7.7361,9.2023,-13.735,89.94,90,-0.0001,-0,0,-0.0001,2.4093,-0,0,-0,0,-0,89.953,90,-0,-0,0,-0,2.2469,-0,0,0,-0,0,-12.511,-127.56,-47.256,-4.7412,-6.6835,-8.7563,7.6911,-130.07,58.626,-7.7361,9.2023,-13.7,89.992,90,-0.0001,-0,0,-0.0001,0.0263,-0,0,-0,0,-0,90,90,0,0,-0,0,0,0,0,0,0,0,-0,-127.56,-47.256,-4.7414,-6.6835,-8.7565,6.1529,-130.07,58.797,-7.7361,9.2023,-13.7,89.987,90,-0.0001,-0,0,-0.0001,0.0435,-0,0,-0,0,-0,90,90,0,0,-0,0,0,0,0,0,0,0,-0,-127.56,-47.256,-4.7414,-6.6835,-8.7565,-7.1787,-130.24,58.797,-7.7361,9.2023,-13.735,89.913,90,-0.0001,-0,0,-0.0001,3.2501,-0,0,-0,0,-0,89.927,90,-0,-0,0,-0,3.0168,-0,0,0,-0,0,-14.349,-127.56,-47.256,-4.7412,-6.6835,-8.7563,-10.597,-130.24,58.797,-7.7361,9.2023,-13.735,89.877,90,-0.0001,-0,0,-0.0001,4.2594,-0,0,-0,0,-0,89.893,90,-0,-0,0,-0,3.8932,-0,0,0,-0,0,-16.131,-127.56,-47.256,-4.7412,-6.6835,-8.7563,-12.307,-130.24,58.797,-7.7361,9.2023,-13.735,89.829,90,-0.0001,-0,0,-0.0001,5.3401,-0,0,-0,0,-0,89.849,90,-0,-0,0,-0,4.8725,-0,0,0,-0,0,-17.85,-127.56,-47.256,-4.7411,-6.6835,-8.7562,-14.87,-130.24,58.797,-7.7361,9.2023,-13.735,89.771,90,-0.0001,-0,0,-0.0001,6.572,-0,0,-0,0,-0,89.795,90,-0,-0,0,-0,5.951,-0,0,0,-0,0,-19.497,-127.56,-47.256,-4.7411,-6.6835,-8.7562,-19.485,-130.24,58.797,-7.7361,9.2023,-13.735,89.7,90,-0.0001,-0,0,-0.0001,7.9841,-0,0,-0,0,-0,89.73,90,-0,-0,0,-0,7.1244,-0,0,0,-0,0,-21.068,-127.56,-47.256,-4.7411,-6.6835,-8.7562,-17.605,-130.41,58.797,-7.7361,9.2023,-13.735,89.616,90,-0.0001,-0,0,-0.0001,9.2247,-0,0,-0,0,-0,89.652,90,-0,-0,0,-0,8.3879,-0,0,0,-0,0,-22.556,-127.56,-47.256,-4.7411,-6.6835,-8.7561,0,1
1.3674,-130.24,58.797,-7.7361,9.2023,-13.735,89.972,90,-0.0001,-0,0,-0.0001,0.9764,-0,0,-0,0,-0,89.985,90,-0,-0,0,-0,1.0382,-0,0,0,-0,0,-8.6928,-127.56,-47.256,-4.7413,-6.6835,-8.7564,-3.7607,-130.24,58.797,-7.7361,9.2023,-13.735,89.96,90,-0.0001,0.0001,0,-0.0001,1.7148,-0,0,-0,0,-0,89.972,90,-0,-0,0,-0,1.5865,-0,0,0,-0,0,-10.623,-127.56,-47.256,-4.7413,-6.6835,-8.7564,-5.1281,-130.24,58.797,-7.7361,9.2023,-13.735,89.94,90,-0.0001,-0,0,-0.0001,2.4093,-0,0,-0,0,-0,89.953,90,-0,-0,0,-0,2.2469,-0,0,0,-0,0,-12.511,-127.56,-47.256,-4.7412,-6.6835,-8.7563,7.6911,-130.07,58.626,-7.7361,9.2023,-13.7,89.992,90,-0.0001,-0,0,-0.0001,0.0263,-0,0,-0,0,-0,90,90,0,0,-0,0,0,0,0,0,0,0,-0,-127.56,-47.256,-4.7414,-6.6835,-8.7565,6.1529,-130.07,58.797,-7.7361,9.2023,-13.7,89.987,90,-0.0001,-0,0,-0.0001,0.0435,-0,0,-0,0,-0,90,90,0,0,-0,0,0,0,0,0,0,0,-0,-127.56,-47.256,-4.7414,-6.6835,-8.7565,-7.1787,-130.24,58.797,-7.7361,9.2023,-13.735,89.913,90,-0.0001,-0,0,-0.0001,3.2501,-0,0,-0,0,-0,89.927,90,-0,-0,0,-0,3.0168,-0,0,0,-0,0,-14.349,-127.56,-47.256,-4.7412,-6.6835,-8.7563,-10.597,-130.24,58.797,-7.7361,9.2023,-13.735,89.877,90,-0.0001,-0,0,-0.0001,4.2594,-0,0,-0,0,-0,89.893,90,-0,-0,0,-0,3.8932,-0,0,0,-0,0,-16.131,-127.56,-47.256,-4.7412,-6.6835,-8.7563,-12.307,-130.24,58.797,-7.7361,9.2023,-13.735,89.829,90,-0.0001,-0,0,-0.0001,5.3401,-0,0,-0,0,-0,89.849,90,-0,-0,0,-0,4.8725,-0,0,0,-0,0,-17.85,-127.56,-47.256,-4.7411,-6.6835,-8.7562,-14.87,-130.24,58.797,-7.7361,9.2023,-13.735,89.771,90,-0.0001,-0,0,-0.0001,6.572,-0,0,-0,0,-0,89.795,90,-0,-0,0,-0,5.951,-0,0,0,-0,0,-19.497,-127.56,-47.256,-4.7411,-6.6835,-8.7562,-19.485,-130.24,58.797,-7.7361,9.2023,-13.735,89.7,90,-0.0001,-0,0,-0.0001,7.9841,-0,0,-0,0,-0,89.73,90,-0,-0,0,-0,7.1244,-0,0,0,-0,0,-21.068,-127.56,-47.256,-4.7411,-6.6835,-8.7562,0,1
3.0764,-130.24,58.797,-7.7361,9.2023,-13.735,89.979,90,-0.0001,-0,0,-0.0001,0.5285,-0,0,-0,0,-0,89.994,90,-0,-0,0,-0,0.6041,-0,0,0,-0,0,-6.7286,-127.56,-47.256,-4.7413,-6.6835,-8.7564,1.3674,-130.24,58.797,-7.7361,9.2023,-13.735,89.972,90,-0.0001,-0,0,-0.0001,0.9764,-0,0,-0,0,-0,89.985,90,-0,-0,0,-0,1.0382,-0,0,0,-0,0,-8.6928,-127.56,-47.256,-4.7413,-6.6835,-8.7564,-3.7607,-130.24,58.797,-7.7361,9.2023,-13.735,89.96,90,-0.0001,0.0001,0,-0.0001,1.7148,-0,0,-0,0,-0,89.972,90,-0,-0,0,-0,1.5865,-0,0,0,-0,0,-10.623,-127.56,-47.256,-4.7413,-6.6835,-8.7564,-5.1281,-130.24,58.797,-7.7361,9.2023,-13.735,89.94,90,-0.0001,-0,0,-0.0001,2.4093,-0,0,-0,0,-0,89.953,90,-0,-0,0,-0,2.2469,-0,0,0,-0,0,-12.511,-127.56,-47.256,-4.7412,-6.6835,-8.7563,7.6911,-130.07,58.626,-7.7361,9.2023,-13.7,89.992,90,-0.0001,-0,0,-0.0001,0.0263,-0,0,-0,0,-0,90,90,0,0,-0,0,0,0,0,0,0,0,-0,-127.56,-47.256,-4.7414,-6.6835,-8.7565,6.1529,-130.07,58.797,-7.7361,9.2023,-13.7,89.987,90,-0.0001,-0,0,-0.0001,0.0435,-0,0,-0,0,-0,90,90,0,0,-0,0,0,0,0,0,0,0,-0,-127.56,-47.256,-4.7414,-6.6835,-8.7565,-7.1787,-130.24,58.797,-7.7361,9.2023,-13.735,89.913,90,-0.0001,-0,0,-0.0001,3.2501,-0,0,-0,0,-0,89.927,90,-0,-0,0,-0,3.0168,-0,0,0,-0,0,-14.349,-127.56,-47.256,-4.7412,-6.6835,-8.7563,-10.597,-130.24,58.797,-7.7361,9.2023,-13.735,89.877,90,-0.0001,-0,0,-0.0001,4.2594,-0,0,-0,0,-0,89.893,90,-0,-0,0,-0,3.8932,-0,0,0,-0,0,-16.131,-127.56,-47.256,-4.7412,-6.6835,-8.7563,-12.307,-130.24,58.797,-7.7361,9.2023,-13.735,89.829,90,-0.0001,-0,0,-0.0001,5.3401,-0,0,-0,0,-0,89.849,90,-0,-0,0,-0,4.8725,-0,0,0,-0,0,-17.85,-127.56,-47.256,-4.7411,-6.6835,-8.7562,-14.87,-130.24,58.797,-7.7361,9.2023,-13.735,89.771,90,-0.0001,-0,0,-0.0001,6.572,-0,0,-0,0,-0,89.795,90,-0,-0,0,-0,5.951,-0,0,0,-0,0,-19.497,-127.56,-47.256,-4.7411,-6.6835,-8.7562,0,1
3.0764,-130.24,58.797,-7.7361,9.2023,-13.735,89.982,90,-0.0001,-0,0,-0.0001,0.2416,-0,0,-0,0,-0,89.998,90,-0,-0,0,-0,0.2861,-0,0,0,-0,0,-4.7378,-127.56,-47.256,-4.7414,-6.6835,-8.7565,3.0764,-130.24,58.797,-7.7361,9.2023,-13.735,89.979,90,-0.0001,-0,0,-0.0001,0.5285,-0,0,-0,0,-0,89.994,90,-0,-0,0,-0,0.6041,-0,0,0,-0,0,-6.7286,-127.56,-47.256,-4.7413,-6.6835,-8.7564,1.3674,-130.24,58.797,-7.7361,9.2023,-13.735,89.972,90,-0.0001,-0,0,-0.0001,0.9764,-0,0,-0,0,-0,89.985,90,-0,-0,0,-0,1.0382,-0,0,0,-0,0,-8.6928,-127.56,-47.256,-4.7413,-6.6835,-8.7564,-3.7607,-130.24,58.797,-7.7361,9.2023,-13.735,89.96,90,-0.0001,0.0001,0,-0.0001,1.7148,-0,0,-0,0,-0,89.972,90,-0,-0,0,-0,1.5865,-0,0,0,-0,0,-10.623,-127.56,-47.256,-4.7413,-6.6835,-8.7564,-5.1281,-130.24,58.797,-7.7361,9.2023,-13.735,89.94,90,-0.0001,-0,0,-0.0001,2.4093,-0,0,-0,0,-0,89.953,90,-0,-0,0,-0,2.2469,-0,0,0,-0,0,-12.511,-127.56,-47.256,-4.7412,-6.6835,-8.7563,7.6911,-130.07,58.626,-7.7361,9.2023,-13.7,89.992,90,-0.0001,-0,0,-0.0001,0.0263,-0,0,-0,0,-0,90,90,0,0,-0,0,0,0,0,0,0,0,-0,-127.56,-47.256,-4.7414,-6.6835,-8.7565,6.1529,-130.07,58.797,-7.7361,9.2023,-13.7,89.987,90,-0.0001,-0,0,-0.0001,0.0435,-0,0,-0,0,-0,90,90,0,0,-0,0,0,0,0,0,0,0,-0,-127.56,-47.256,-4.7414,-6.6835,-8.7565,-7.1787,-130.24,58.797,-7.7361,9.2023,-13.735,89.913,90,-0.0001,-0,0,-0.0001,3.2501,-0,0,-0,0,-0,89.927,90,-0,-0,0,-0,3.0168,-0,0,0,-0,0,-14.349,-127.56,-47.256,-4.7412,-6.6835,-8.7563,-10.597,-130.24,58.797,-7.7361,9.2023,-13.735,89.877,90,-0.0001,-0,0,-0.0001,4.2594,-0,0,-0,0,-0,89.893,90,-0,-0,0,-0,3.8932,-0,0,0,-0,0,-16.131,-127.56,-47.256,-4.7412,-6.6835,-8.7563,-12.307,-130.24,58.797,-7.7361,9.2023,-13.735,89.829,90,-0.0001,-0,0,-0.0001,5.3401,-0,0,-0,0,-0,89.849,90,-0,-0,0,-0,4.8725,-0,0,0,-0,0,-17.85,-127.56,-47.256,-4.7411,-6.6835,-8.7562,0,1
3.418,-130.24,58.797,-7.7361,9.2023,-13.735,89.984,90,-0.0001,-0,0,-0.0001,0.0333,-0,0,-0,0,-0,90,90,-0,-0,0,-0,0.0852,-0,0,0,-0,0,-2.7284,-127.56,-47.256,-4.7414,-6.6835,-8.7565,3.0764,-130.24,58.797,-7.7361,9.2023,-13.735,89.982,90,-0.0001,-0,0,-0.0001,0.2416,-0,0,-0,0,-0,89.998,90,-0,-0,0,-0,0.2861,-0,0,0,-0,0,-4.7378,-127.56,-47.256,-4.7414,-6.6835,-8.7565,3.0764,-130.24,58.797,-7.7361,9.2023,-13.735,89.979,90,-0.0001,-0,0,-0.0001,0.5285,-0,0,-0,0,-0,89.994,90,-0,-0,0,-0,0.6041,-0,0,0,-0,0,-6.7286,-127.56,-47.256,-4.7413,-6.6835,-8.7564,1.3674,-130.24,58.797,-7.7361,9.2023,-13.735,89.972,90,-0.0001,-0,0,-0.0001,0.9764,-0,0,-0,0,-0,89.985,90,-0,-0,0,-0,1.0382,-0,0,0,-0,0,-8.6928,-127.56,-47.256,-4.7413,-6.6835,-8.7564,-3.7607,-130.24,58.797,-7.7361,9.2023,-13.735,89.96,90,-0.0001,0.0001,0,-0.0001,1.7148,-0,0,-0,0,-0,89.972,90,-0,-0,0,-0,1.5865,-0,0,0,-0,0,-10.623,-127.56,-47.256,-4.7413,-6.6835,-8.7564,-5.1281,-130.24,58.797,-7.7361,9.2023,-13.735,89.94,90,-0.0001,-0,0,-0.0001,2.4093,-0,0,-0,0,-0,89.953,90,-0,-0,0,-0,2.2469,-0,0,0,-0,0,-12.511,-127.56,-47.256,-4.7412,-6.6835,-8.7563,7.6911,-130.07,58.626,-7.7361,9.2023,-13.7,89.992,90,-0.0001,-0,0,-0.0001,0.0263,-0,0,-0,0,-0,90,90,0,0,-0,0,0,0,0,0,0,0,-0,-127.56,-47.256,-4.7414,-6.6835,-8.7565,6.1529,-130.07,58.797,-7.7361,9.2023,-13.7,89.987,90,-0.0001,-0,0,-0.0001,0.0435,-0,0,-0,0,-0,90,90,0,0,-0,0,0,0,0,0,0,0,-0,-127.56,-47.256,-4.7414,-6.6835,-8.7565,-7.1787,-130.24,58.797,-7.7361,9.2023,-13.735,89.913,90,-0.0001,-0,0,-0.0001,3.2501,-0,0,-0,0,-0,89.927,90,-0,-0,0,-0,3.0168,-0,0,0,-0,0,-14.349,-127.56,-47.256,-4.7412,-6.6835,-8.7563,-10.597,-130.24,58.797,-7.7361,9.2023,-13.735,89.877,90,-0.0001,-0,0,-0.0001,4.2594,-0,0,-0,0,-0,89.893,90,-0,-0,0,-0,3.8932,-0,0,0,-0,0,-16.131,-127.56,-47.256,-4.7412,-6.6835,-8.7563,0,1
2.0506,-130.24,58.797,-7.7361,9.2023,-13.735,89.984,90,-0.0001,-0,0,-0.0001,-0.0005,-0,0,-0,0,-0,90,90,0,0,-0,0,0.0024,-0,0,0,-0,0,-0.7081,-127.56,-47.256,-4.7414,-6.6835,-8.7565,3.418,-130.24,58.797,-7.7361,9.2023,-13.735,89.984,90,-0.0001,-0,0,-0.0001,0.0333,-0,0,-0,0,-0,90,90,-0,-0,0,-0,0.0852,-0,0,0,-0,0,-2.7284,-127.56,-47.256,-4.7414,-6.6835,-8.7565,3.0764,-130.24,58.797,-7.7361,9.2023,-13.735,89.982,90,-0.0001,-0,0,-0.0001,0.2416,-0,0,-0,0,-0,89.998,90,-0,-0,0,-0,0.2861,-0,0,0,-0,0,-4.7378,-127.56,-47.256,-4.7414,-6.6835,-8.7565,3.0764,-130.24,58.797,-7.7361,9.2023,-13.735,89.979,90,-0.0001,-0,0,-0.0001,0.5285,-0,0,-0,0,-0,89.994,90,-0,-0,0,-0,0.6041,-0,0,0,-0,0,-6.7286,-127.56,-47.256,-4.7413,-6.6835,-8.7564,1.3674,-130.24,58.797,-7.7361,9.2023,-13.735,89.972,90,-0.0001,-0,0,-0.0001,0.9764,-0,0,-0,0,-0,89.985,90,-0,-0,0,-0,1.0382,-0,0,0,-0,0,-8.6928,-127.56,-47.256,-4.7413,-6.6835,-8.7564,-3.7607,-130.24,58.797,-7.7361,9.2023,-13.735,89.96,90,-0.0001,0.0001,0,-0.0001,1.7148,-0,0,-0,0,-0,89.972,90,-0,-0,0,-0,1.5865,-0,0,0,-0,0,-10.623,-127.56,-47.256,-4.7413,-6.6835,-8.7564,-5.1281,-130.24,58.797,-7.7361,9.2023,-13.735,89.94,90,-0.0001,-0,0,-0.0001,2.4093,-0,0,-0,0,-0,89.953,90,-0,-0,0,-0,2.2469,-0,0,0,-0,0,-12.511,-127.56,-47.256,-4.7412,-6.6835,-8.7563,7.6911,-130.07,58.626,-7.7361,9.2023,-13.7,89.992,90,-0.0001,-0,0,-0.0001,0.0263,-0,0,-0,0,-0,90,90,0,0,-0,0,0,0,0,0,0,0,-0,-127.56,-47.256,-4.7414,-6.6835,-8.7565,6.1529,-130.07,58.797,-7.7361,9.2023,-13.7,89.987,90,-0.0001,-0,0,-0.0001,0.0435,-0,0,-0,0,-0,90,90,0,0,-0,0,0,0,0,0,0,0,-0,-127.56,-47.256,-4.7414,-6.6835,-8.7565,-7.1787,-130.24,58.797,-7.7361,9.2023,-13.735,89.913,90,-0.0001,-0,0,-0.0001,3.2501,-0,0,-0,0,-0,89.927,90,-0,-0,0,-0,3.0168,-0,0,0,-0,0,-14.349,-127.56,-47.256,-4.7412,-6.6835,-8.7563,0,1
2.3933,-130.24,58.797,-7.7361,9.2023,-13.735,89.983,90,-0.0001,-0,0,-0.0001,-0.0061,-0,0,-0,0,-0,90,90,0,0,-0,0,0,0,0,0,0,0,0,-127.56,-47.256,-4.7414,-6.6835,-8.7565,2.0506,-130.24,58.797,-7.7361,9.2023,-13.735,89.984,90,-0.0001,-0,0,-0.0001,-0.0005,-0,0,-0,0,-0,90,90,0,0,-0,0,0.0024,-0,0,0,-0,0,-0.7081,-127.56,-47.256,-4.7414,-6.6835,-8.7565,3.418,-130.24,58.797,-7.7361,9.2023,-13.735,89.984,90,-0.0001,-0,0,-0.0001,0.0333,-0,0,-0,0,-0,90,90,-0,-0,0,-0,0.0852,-0,0,0,-0,0,-2.7284,-127.56,-47.256,-4.7414,-6.6835,-8.7565,3.0764,-130.24,58.797,-7.7361,9.2023,-13.735,89.982,90,-0.0001,-0,0,-0.0001,0.2416,-0,0,-0,0,-0,89.998,90,-0,-0,0,-0,0.2861,-0,0,0,-0,0,-4.7378,-127.56,-47.256,-4.7414,-6.6835,-8.7565,3.0764,-130.24,58.797,-7.7361,9.2023,-13.735,89.979,90,-0.0001,-0,0,-0.0001,0.5285,-0,0,-0,0,-0,89.994,90,-0,-0,0,-0,0.6041,-0,0,0,-0,0,-6.7286,-127.56,-47.256,-4.7413,-6.6835,-8.7564,1.3674,-130.24,58.797,-7.7361,9.2023,-13.735,89.972,90,-0.0001,-0,0,-0.0001,0.9764,-0,0,-0,0,-0,89.985,90,-0,-0,0,-0,1.0382,-0,0,0,-0,0,-8.6928,-127.56,-47.256,-4.7413,-6.6835,-8.7564,-3.7607,-130.24,58.797,-7.7361,9.2023,-13.735,89.96,90,-0.0001,0.0001,0,-0.0001,1.7148,-0,0,-0,0,-0,89.972,90,-0,-0,0,-0,1.5865,-0,0,0,-0,0,-10.623,-127.56,-47.256,-4.7413,-6.6835,-8.7564,-5.1281,-130.24,58.797,-7.7361,9.2023,-13.735,89.94,90,-0.0001,-0,0,-0.0001,2.4093,-0,0,-0,0,-0,89.953,90,-0,-0,0,-0,2.2469,-0,0,0,-0,0,-12.511,-127.56,-47.256,-4.7412,-6.6835,-8.7563,7.6911,-130.07,58.626,-7.7361,9.2023,-13.7,89.992,90,-0.0001,-0,0,-0.0001,0.0263,-0,0,-0,0,-0,90,90,0,0,-0,0,0,0,0,0,0,0,-0,-127.56,-47.256,-4.7414,-6.6835,-8.7565,6.1529,-130.07,58.797,-7.7361,9.2023,-13.7,89.987,90,-0.0001,-0,0,-0.0001,0.0435,-0,0,-0,0,-0,90,90,0,0,-0,0,0,0,0,0,0,0,-0,-127.56,-47.256,-4.7414,-6.6835,-8.7565,0,1
3.2472,-130.24,58.797,-7.7361,9.2023,-13.735,89.983,90,-0.0001,-0,0,-0.0001,-0.0103,-0,0,-0,0,-0,90,90,0,0,-0,0,0,0,0,0,0,0,0,-127.56,-47.256,-4.7414,-6.6835,-8.7565,2.3933,-130.24,58.797,-7.7361,9.2023,-13.735,89.983,90,-0.0001,-0,0,-0.0001,-0.0061,-0,0,-0,0,-0,90,90,0,0,-0,0,0,0,0,0,0,0,0,-127.56,-47.256,-4.7414,-6.6835,-8.7565,2.0506,-130.24,58.797,-7.7361,9.2023,-13.735,89.984,90,-0.0001,-0,0,-0.0001,-0.0005,-0,0,-0,0,-0,90,90,0,0,-0,0,0.0024,-0,0,0,-0,0,-0.7081,-127.56,-47.256,-4.7414,-6.6835,-8.7565,3.418,-130.24,58.797,-7.7361,9.2023,-13.735,89.984,90,-0.0001,-0,0,-0.0001,0.0333,-0,0,-0,0,-0,90,90,-0,-0,0,-0,0.0852,-0,0,0,-0,0,-2.7284,-127.56,-47.256,-4.7414,-6.6835,-8.7565,3.0764,-130.24,58.797,-7.7361,9.2023,-13.735,89.982,90,-0.0001,-0,0,-0.0001,0.2416,-0,0,-0,0,-0,89.998,90,-0,-0,0,-0,0.2861,-0,0,0,-0,0,-4.7378,-127.56,-47.256,-4.7414,-6.6835,-8.7565,3.0764,-130.24,58.797,-7.7361,9.2023,-13.735,89.979,90,-0.0001,-0,0,-0.0001,0.5285,-0,0,-0,0,-0,89.994,90,-0,-0,0,-0,0.6041,-0,0,0,-0,0,-6.7286,-127.56,-47.256,-4.7413,-6.6835,-8.7564,1.3674,-130.24,58.797,-7.7361,9.2023,-13.735,89.972,90,-0.0001,-0,0,-0.0001,0.9764,-0,0,-0,0,-0,89.985,90,-0,-0,0,-0,1.0382,-0,0,0,-0,0,-8.6928,-127.56,-47.256,-4.7413,-6.6835,-8.7564,-3.7607,-130.24,58.797,-7.7361,9.2023,-13.735,89.96,90,-0.0001,0.0001,0,-0.0001,1.7148,-0,0,-0,0,-0,89.972,90,-0,-0,0,-0,1.5865,-0,0,0,-0,0,-10.623,-127.56,-47.256,-4.7413,-6.6835,-8.7564,-5.1281,-130.24,58.797,-7.7361,9.2023,-13.735,89.94,90,-0.0001,-0,0,-0.0001,2.4093,-0,0,-0,0,-0,89.953,90,-0,-0,0,-0,2.2469,-0,0,0,-0,0,-12.511,-127.56,-47.256,-4.7412,-6.6835,-8.7563,7.6911,-130.07,58.626,-7.7361,9.2023,-13.7,89.992,90,-0.0001,-0,0,-0.0001,0.0263,-0,0,-0,0,-0,90,90,0,0,-0,0,0,0,0,0,0,0,-0,-127.56,-47.256,-4.7414,-6.6835,-8.7565,0,1
3.7607,-130.24,58.797,-7.7361,9.2023,-13.735,89.983,90,-0.0001,-0,0,-0.0001,-0,-0,0,-0,0,-0,90,90,0,0,-0,0,0,0,0,0,0,0,0,-127.56,-47.256,-4.7414,-6.6835,-8.7565,3.2472,-130.24,58.797,-7.7361,9.2023,-13.735,89.983,90,-0.0001,-0,0,-0.0001,-0.0103,-0,0,-0,0,-0,90,90,0,0,-0,0,0,0,0,0,0,0,0,-127.56,-47.256,-4.7414,-6.6835,-8.7565,2.3933,-130.24,58.797,-7.7361,9.2023,-13.735,89.983,90,-0.0001,-0,0,-0.0001,-0.0061,-0,0,-0,0,-0,90,90,0,0,-0,0,0,0,0,0,0,0,0,-127.56,-47.256,-4.7414,-6.6835,-8.7565,2.0506,-130.24,58.797,-7.7361,9.2023,-13.735,89.984,90,-0.0001,-0,0,-0.0001,-0.0005,-0,0,-0,0,-0,90,90,0,0,-0,0,0.0024,-0,0,0,-0,0,-0.7081,-127.56,-47.256,-4.7414,-6.6835,-8.7565,3.418,-130.24,58.797,-7.7361,9.2023,-13.735,89.984,90,-0.0001,-0,0,-0.0001,0.0333,-0,0,-0,0,-0,90,90,-0,-0,0,-0,0.0852,-0,0,0,-0,0,-2.7284,-127.56,-47.256,-4.7414,-6.6835,-8.7565,3.0764,-130.24,58.797,-7.7361,9.2023,-13.735,89.982,90,-0.0001,-0,0,-0.0001,0.2416,-0,0,-0,0,-0,89.998,90,-0,-0,0,-0,0.2861,-0,0,0,-0,0,-4.7378,-127.56,-47.256,-4.7414,-6.6835,-8.7565,3.0764,-130.24,58.797,-7.7361,9.2023,-13.735,89.979,90,-0.0001,-0,0,-0.0001,0.5285,-0,0,-0,0,-0,89.994,90,-0,-0,0,-0,0.6041,-0,0,0,-0,0,-6.7286,-127.56,-47.256,-4.7413,-6.6835,-8.7564,1.3674,-130.24,58.797,-7.7361,9.2023,-13.735,89.972,90,-0.0001,-0,0,-0.0001,0.9764,-0,0,-0,0,-0,89.985,90,-0,-0,0,-0,1.0382,-0,0,0,-0,0,-8.6928,-127.56,-47.256,-4.7413,-6.6835,-8.7564,-3.7607,-130.24,58.797,-7.7361,9.2023,-13.735,89.96,90,-0.0001,0.0001,0,-0.0001,1.7148,-0,0,-0,0,-0,89.972,90,-0,-0,0,-0,1.5865,-0,0,0,-0,0,-10.623,-127.56,-47.256,-4.7413,-6.6835,-8.7564,-5.1281,-130.24,58.797,-7.7361,9.2023,-13.735,89.94,90,-0.0001,-0,0,-0.0001,2.4093,-0,0,-0,0,-0,89.953,90,-0,-0,0,-0,2.2469,-0,0,0,-0,0,-12.511,-127.56,-47.256,-4.7412,-6.6835,-8.7563,0,1
4.6146,-130.24,58.797,-7.7361,9.2023,-13.7,89.983,90,-0.0001,-0,0,-0.0001,-0,-0,0,-0,0,-0,90,90,0,0,-0,0,0,0,0,0,0,0,0,-127.56,-47.256,-4.7414,-6.6835,-8.7565,3.7607,-130.24,58.797,-7.7361,9.2023,-13.735,89.983,90,-0.0001,-0,0,-0.0001,-0,-0,0,-0,0,-0,90,90,0,0,-0,0,0,0,0,0,0,0,0,-127.56,-47.256,-4.7414,-6.6835,-8.7565,3.2472,-130.24,58.797,-7.7361,9.2023,-13.735,89.983,90,-0.0001,-0,0,-0.0001,-0.0103,-0,0,-0,0,-0,90,90,0,0,-0,0,0,0,0,0,0,0,0,-127.56,-47.256,-4.7414,-6.6835,-8.7565,2.3933,-130.24,58.797,-7.7361,9.2023,-13.735,89.983,90,-0.0001,-0,0,-0.0001,-0.0061,-0,0,-0,0,-0,90,90,0,0,-0,0,0,0,0,0,0,0,0,-127.56,-47.256,-4.7414,-6.6835,-8.7565,2.0506,-130.24,58.797,-7.7361,9.2023,-13.735,89.984,90,-0.0001,-0,0,-0.0001,-0.0005,-0,0,-0,0,-0,90,90,0,0,-0,0,0.0024,-0,0,0,-0,0,-0.7081,-127.56,-47.256,-4.7414,-6.6835,-8.7565,3.418,-130.24,58.797,-7.7361,9.2023,-13.735,89.984,90,-0.0001,-0,0,-0.0001,0.0333,-0,0,-0,0,-0,90,90,-0,-0,0,-0,0.0852,-0,0,0,-0,0,-2.7284,-127.56,-47.256,-4.7414,-6.6835,-8.7565,3.0764,-130.24,58.797,-7.7361,9.2023,-13.735,89.982,90,-0.0001,-0,0,-0.0001,0.2416,-0,0,-0,0,-0,89.998,90,-0,-0,0,-0,0.2861,-0,0,0,-0,0,-4.7378,-127.56,-47.256,-4.7414,-6.6835,-8.7565,3.0764,-130.24,58.797,-7.7361,9.2023,-13.735,89.979,90,-0.0001,-0,0,-0.0001,0.5285,-0,0,-0,0,-0,89.994,90,-0,-0,0,-0,0.6041,-0,0,0,-0,0,-6.7286,-127.56,-47.256,-4.7413,-6.6835,-8.7564,1.3674,-130.24,58.797,-7.7361,9.2023,-13.735,89.972,90,-0.0001,-0,0,-0.0001,0.9764,-0,0,-0,0,-0,89.985,90,-0,-0,0,-0,1.0382,-0,0,0,-0,0,-8.6928,-127.56,-47.256,-4.7413,-6.6835,-8.7564,-3.7607,-130.24,58.797,-7.7361,9.2023,-13.735,89.96,90,-0.0001,0.0001,0,-0.0001,1.7148,-0,0,-0,0,-0,89.972,90,-0,-0,0,-0,1.5865,-0,0,0,-0,0,-10.623,-127.56,-47.256,-4.7413,-6.6835,-8.7564,0,1
5.1281,-130.24,58.797,-7.7361,9.2023,-13.7,89.983,90,-0.0001,-0,0,-0.0001,-0,-0,0,-0,0,-0,90,90,0,0,-0,0,0,0,0,0,0,0,0,-127.56,-47.256,-4.7414,-6.6835,-8.7565,4.6146,-130.24,58.797,-7.7361,9.2023,-13.7,89.983,90,-0.0001,-0,0,-0.0001,-0,-0,0,-0,0,-0,90,90,0,0,-0,0,0,0,0,0,0,0,0,-127.56,-47.256,-4.7414,-6.6835,-8.7565,3.7607,-130.24,58.797,-7.7361,9.2023,-13.735,89.983,90,-0.0001,-0,0,-0.0001,-0,-0,0,-0,0,-0,90,90,0,0,-0,0,0,0,0,0,0,0,0,-127.56,-47.256,-4.7414,-6.6835,-8.7565,3.2472,-130.24,58.797,-7.7361,9.2023,-13.735,89.983,90,-0.0001,-0,0,-0.0001,-0.0103,-0,0,-0,0,-0,90,90,0,0,-0,0,0,0,0,0,0,0,0,-127.56,-47.256,-4.7414,-6.6835,-8.7565,2.3933,-130.24,58.797,-7.7361,9.2023,-13.735,89.983,90,-0.0001,-0,0,-0.0001,-0.0061,-0,0,-0,0,-0,90,90,0,0,-0,0,0,0,0,0,0,0,0,-127.56,-47.256,-4.7414,-6.6835,-8.7565,2.0506,-130.24,58.797,-7.7361,9.2023,-13.735,89.984,90,-0.0001,-0,0,-0.0001,-0.0005,-0,0,-0,0,-0,90,90,0,0,-0,0,0.0024,-0,0,0,-0,0,-0.7081,-127.56,-47.256,-4.7414,-6.6835,-8.7565,3.418,-130.24,58.797,-7.7361,9.2023,-13.735,89.984,90,-0.0001,-0,0,-0.0001,0.0333,-0,0,-0,0,-0,90,90,-0,-0,0,-0,0.0852,-0,0,0,-0,0,-2.7284,-127.56,-47.256,-4.7414,-6.6835,-8.7565,3.0764,-130.24,58.797,-7.7361,9.2023,-13.735,89.982,90,-0.0001,-0,0,-0.0001,0.2416,-0,0,-0,0,-0,89.998,90,-0,-0,0,-0,0.2861,-0,0,0,-0,0,-4.7378,-127.56,-47.256,-4.7414,-6.6835,-8.7565,3.0764,-130.24,58.797,-7.7361,9.2023,-13.735,89.979,90,-0.0001,-0,0,-0.0001,0.5285,-0,0,-0,0,-0,89.994,90,-0,-0,0,-0,0.6041,-0,0,0,-0,0,-6.7286,-127.56,-47.256,-4.7413,-6.6835,-8.7564,1.3674,-130.24,58.797,-7.7361,9.2023,-13.735,89.972,90,-0.0001,-0,0,-0.0001,0.9764,-0,0,-0,0,-0,89.985,90,-0,-0,0,-0,1.0382,-0,0,0,-0,0,-8.6928,-127.56,-47.256,-4.7413,-6.6835,-8.7564,0,1
5.8113,-130.24,58.797,-7.7361,9.2023,-13.7,89.983,90,-0.0001,-0,0,-0.0001,-0,-0,0,-0,0,-0,90,90,0,0,-0,0,0,0,0,0,0,0,0,-127.56,-47.256,-4.7414,-6.6835,-8.7565,5.1281,-130.24,58.797,-7.7361,9.2023,-13.7,89.983,90,-0.0001,-0,0,-0.0001,-0,-0,0,-0,0,-0,90,90,0,0,-0,0,0,0,0,0,0,0,0,-127.56,-47.256,-4.7414,-6.6835,-8.7565,4.6146,-130.24,58.797,-7.7361,9.2023,-13.7,89.983,90,-0.0001,-0,0,-0.0001,-0,-0,0,-0,0,-0,90,90,0,0,-0,0,0,0,0,0,0,0,0,-127.56,-47.256,-4.7414,-6.6835,-8.7565,3.7607,-130.24,58.797,-7.7361,9.2023,-13.735,89.983,90,-0.0001,-0,0,-0.0001,-0,-0,0,-0,0,-0,90,90,0,0,-0,0,0,0,0,0,0,0,0,-127.56,-47.256,-4.7414,-6.6835,-8.7565,3.2472,-130.24,58.797,-7.7361,9.2023,-13.735,89.983,90,-0.0001,-0,0,-0.0001,-0.0103,-0,0,-0,0,-0,90,90,0,0,-0,0,0,0,0,0,0,0,0,-127.56,-47.256,-4.7414,-6.6835,-8.7565,2.3933,-130.24,58.797,-7.7361,9.2023,-13.735,89.983,90,-0.0001,-0,0,-0.0001,-0.0061,-0,0,-0,0,-0,90,90,0,0,-0,0,0,0,0,0,0,0,0,-127.56,-47.256,-4.7414,-6.6835,-8.7565,2.0506,-130.24,58.797,-7.7361,9.2023,-13.735,89.984,90,-0.0001,-0,0,-0.0001,-0.0005,-0,0,-0,0,-0,90,90,0,0,-0,0,0.0024,-0,0,0,-0,0,-0.7081,-127.56,-47.256,-4.7414,-6.6835,-8.7565,3.418,-130.24,58.797,-7.7361,9.2023,-13.735,89.984,90,-0.0001,-0,0,-0.0001,0.0333,-0,0,-0,0,-0,90,90,-0,-0,0,-0,0.0852,-0,0,0,-0,0,-2.7284,-127.56,-47.256,-4.7414,-6.6835,-8.7565,3.0764,-130.24,58.797,-7.7361,9.2023,-13.735,89.982,90,-0.0001,-0,0,-0.0001,0.2416,-0,0,-0,0,-0,89.998,90,-0,-0,0,-0,0.2861,-0,0,0,-0,0,-4.7378,-127.56,-47.256,-4.7414,-6.6835,-8.7565,3.0764,-130.24,58.797,-7.7361,9.2023,-13.735,89.979,90,-0.0001,-0,0,-0.0001,0.5285,-0,0,-0,0,-0,89.994,90,-0,-0,0,-0,0.6041,-0,0,0,-0,0,-6.7286,-127.56,-47.256,-4.7413,-6.6835,-8.7564,0,1
6.3237,-130.24,58.797,-7.7361,9.2023,-13.7,89.983,90,-0.0001,-0,0,-0.0001,0.0023,-0,0,-0,0,-0,90,90,0,0,-0,0,0,0,0,0,0,0,-0,-127.56,-47.256,-4.7414,-6.6835,-8.7565,5.8113,-130.24,58.797,-7.7361,9.2023,-13.7,89.983,90,-0.0001,-0,0,-0.0001,-0,-0,0,-0,0,-0,90,90,0,0,-0,0,0,0,0,0,0,0,0,-127.56,-47.256,-4.7414,-6.6835,-8.7565,5.1281,-130.24,58.797,-7.7361,9.2023,-13.7,89.983,90,-0.0001,-0,0,-0.0001,-0,-0,0,-0,0,-0,90,90,0,0,-0,0,0,0,0,0,0,0,0,-127.56,-47.256,-4.7414,-6.6835,-8.7565,4.6146,-130.24,58.797,-7.7361,9.2023,-13.7,89.983,90,-0.0001,-0,0,-0.0001,-0,-0,0,-0,0,-0,90,90,0,0,-0,0,0,0,0,0,0,0,0,-127.56,-47.256,-4.7414,-6.6835,-8.7565,3.7607,-130.24,58.797,-7.7361,9.2023,-13.735,89.983,90,-0.0001,-0,0,-0.0001,-0,-0,0,-0,0,-0,90,90,0,0,-0,0,0,0,0,0,0,0,0,-127.56,-47.256,-4.7414,-6.6835,-8.7565,3.2472,-130.24,58.797,-7.7361,9.2023,-13.735,89.983,90,-0.0001,-0,0,-0.0001,-0.0103,-0,0,-0,0,-0,90,90,0,0,-0,0,0,0,0,0,0,0,0,-127.56,-47.256,-4.7414,-6.6835,-8.7565,2.3933,-130.24,58.797,-7.7361,9.2023,-13.735,89.983,90,-0.0001,-0,0,-0.0001,-0.0061,-0,0,-0,0,-0,90,90,0,0,-0,0,0,0,0,0,0,0,0,-127.56,-47.256,-4.7414,-6.6835,-8.7565,2.0506,-130.24,58.797,-7.7361,9.2023,-13.735,89.984,90,-0.0001,-0,0,-0.0001,-0.0005,-0,0,-0,0,-0,90,90,0,0,-0,0,0.0024,-0,0,0,-0,0,-0.7081,-127.56,-47.256,-4.7414,-6.6835,-8.7565,3.418,-130.24,58.797,-7.7361,9.2023,-13.735,89.984,90,-0.0001,-0,0,-0.0001,0.0333,-0,0,-0,0,-0,90,90,-0,-0,0,-0,0.0852,-0,0,0,-0,0,-2.7284,-127.56,-47.256,-4.7414,-6.6835,-8.7565,3.0764,-130.24,58.797,-7.7361,9.2023,-13.735,89.982,90,-0.0001,-0,0,-0.0001,0.2416,-0,0,-0,0,-0,89.998,90,-0,-0,0,-0,0.2861,-0,0,0,-0,0,-4.7378,-127.56,-47.256,-4.7414,-6.6835,-8.7565,0,1
6.3237,-130.07,58.797,-7.7361,9.2023,-13.7,89.983,90,-0.0001,-0,0,-0.0001,0.0204,-0,0,-0,0,-0,90,90,0,0,-0,0,0,0,0,0,0,0,-0,-127.56,-47.256,-4.7414,-6.6835,-8.7565,6.3237,-130.24,58.797,-7.7361,9.2023,-13.7,89.983,90,-0.0001,-0,0,-0.0001,0.0023,-0,0,-0,0,-0,90,90,0,0,-0,0,0,0,0,0,0,0,-0,-127.56,-47.256,-4.7414,-6.6835,-8.7565,5.8113,-130.24,58.797,-7.7361,9.2023,-13.7,89.983,90,-0.0001,-0,0,-0.0001,-0,-0,0,-0,0,-0,90,90,0,0,-0,0,0,0,0,0,0,0,0,-127.56,-47.256,-4.7414,-6.6835,-8.7565,5.1281,-130.24,58.797,-7.7361,9.2023,-13.7,89.983,90,-0.0001,-0,0,-0.0001,-0,-0,0,-0,0,-0,90,90,0,0,-0,0,0,0,0,0,0,0,0,-127.56,-47.256,-4.7414,-6.6835,-8.7565,4.6146,-130.24,58.797,-7.7361,9.2023,-13.7,89.983,90,-0.0001,-0,0,-0.0001,-0,-0,0,-0,0,-0,90,90,0,0,-0,0,0,0,0,0,0,0,0,-127.56,-47.256,-4.7414,-6.6835,-8.7565,3.7607,-130.24,58.797,-7.7361,9.2023,-13.735,89.983,90,-0.0001,-0,0,-0.0001,-0,-0,0,-0,0,-0,90,90,0,0,-0,0,0,0,0,0,0,0,0,-127.56,-47.256,-4.7414,-6.6835,-8.7565,3.2472,-130.24,58.797,-7.7361,9.2023,-13.735,89.983,90,-0.0001,-0,0,-0.0001,-0.0103,-0,0,-0,0,-0,90,90,0,0,-0,0,0,0,0,0,0,0,0,-127.56,-47.256,-4.7414,-6.6835,-8.7565,2.3933,-130.24,58.797,-7.7361,9.2023,-13.735,89.983,90,-0.0001,-0,0,-0.0001,-0.0061,-0,0,-0,0,-0,90,90,0,0,-0,0,0,0,0,0,0,0,0,-127.56,-47.256,-4.7414,-6.6835,-8.7565,2.0506,-130.24,58.797,-7.7361,9.2023,-13.735,89.984,90,-0.0001,-0,0,-0.0001,-0.0005,-0,0,-0,0,-0,90,90,0,0,-0,0,0.0024,-0,0,0,-0,0,-0.7081,-127.56,-47.256,-4.7414,-6.6835,-8.7565,3.418,-130.24,58.797,-7.7361,9.2023,-13.735,89.984,90,-0.0001,-0,0,-0.0001,0.0333,-0,0,-0,0,-0,90,90,-0,-0,0,-0,0.0852,-0,0,0,-0,0,-2.7284,-127.56,-47.256,-4.7414,-6.6835,-8.7565,0,1
6.1529,-130.07,58.797,-7.7361,9.2023,-13.7,89.984,90,-0.0001,-0,0,-0.0001,0.0402,-0,0,-0,0,-0,90,90,0,0,-0,0,0,0,0,0,0,0,-0,-127.56,-47.256,-4.7414,-6.6835,-8.7565,6.3237,-130.07,58.797,-7.7361,9.2023,-13.7,89.983,90,-0.0001,-0,0,-0.0001,0.0204,-0,0,-0,0,-0,90,90,0,0,-0,0,0,0,0,0,0,0,-0,-127.56,-47.256,-4.7414,-6.6835,-8.7565,6.3237,-130.24,58.797,-7.7361,9.2023,-13.7,89.983,90,-0.0001,-0,0,-0.0001,0.0023,-0,0,-0,0,-0,90,90,0,0,-0,0,0,0,0,0,0,0,-0,-127.56,-47.256,-4.7414,-6.6835,-8.7565,5.8113,-130.24,58.797,-7.7361,9.2023,-13.7,89.983,90,-0.0001,-0,0,-0.0001,-0,-0,0,-0,0,-0,90,90,0,0,-0,0,0,0,0,0,0,0,0,-127.56,-47.256,-4.7414,-6.6835,-8.7565,5.1281,-130.24,58.797,-7.7361,9.2023,-13.7,89.983,90,-0.0001,-0,0,-0.0001,-0,-0,0,-0,0,-0,90,90,0,0,-0,0,0,0,0,0,0,0,0,-127.56,-47.256,-4.7414,-6.6835,-8.7565,4.6146,-130.24,58.797,-7.7361,9.2023,-13.7,89.983,90,-0.0001,-0,0,-0.0001,-0,-0,0,-0,0,-0,90,90,0,0,-0,0,0,0,0,0,0,0,0,-127.56,-47.256,-4.7414,-6.6835,-8.7565,3.7607,-130.24,58.797,-7.7361,9.2023,-13.735,89.983,90,-0.0001,-0,0,-0.0001,-0,-0,0,-0,0,-0,90,90,0,0,-0,0,0,0,0,0,0,0,0,-127.56,-47.256,-4.7414,-6.6835,-8.7565,3.2472,-130.24,58.797,-7.7361,9.2023,-13.735,89.983,90,-0.0001,-0,0,-0.0001,-0.0103,-0,0,-0,0,-0,90,90,0,0,-0,0,0,0,0,0,0,0,0,-127.56,-47.256,-4.7414,-6.6835,-8.7565,2.3933,-130.24,58.797,-7.7361,9.2023,-13.735,89.983,90,-0.0001,-0,0,-0.0001,-0.0061,-0,0,-0,0,-0,90,90,0,0,-0,0,0,0,0,0,0,0,0,-127.56,-47.256,-4.7414,-6.6835,-8.7565,2.0506,-130.24,58.797,-7.7361,9.2023,-13.735,89.984,90,-0.0001,-0,0,-0.0001,-0.0005,-0,0,-0,0,-0,90,90,0,0,-0,0,0.0024,-0,0,0,-0,0,-0.7081,-127.56,-47.256,-4.7414,-6.6835,-8.7565,0,1
6.6663,-130.07,58.797,-7.7361,9.2023,-13.7,89.985,90,-0.0001,-0,0,-0.0001,0.0211,-0,0,-0,0,-0,90,90,0,0,-0,0,0,0,0,0,0,0,-0,-127.56,-47.256,-4.7414,-6.6835,-8.7565,6.1529,-130.07,58.797,-7.7361,9.2023,-13.7,89.984,90,-0.0001,-0,0,-0.0001,0.0402,-0,0,-0,0,-0,90,90,0,0,-0,0,0,0,0,0,0,0,-0,-127.56,-47.256,-4.7414,-6.6835,-8.7565,6.3237,-130.07,58.797,-7.7361,9.2023,-13.7,89.983,90,-0.0001,-0,0,-0.0001,0.0204,-0,0,-0,0,-0,90,90,0,0,-0,0,0,0,0,0,0,0,-0,-127.56,-47.256,-4.7414,-6.6835,-8.7565,6.3237,-130.24,58.797,-7.7361,9.2023,-13.7,89.983,90,-0.0001,-0,0,-0.0001,0.0023,-0,0,-0,0,-0,90,90,0,0,-0,0,0,0,0,0,0,0,-0,-127.56,-47.256,-4.7414,-6.6835,-8.7565,5.8113,-130.24,58.797,-7.7361,9.2023,-13.7,89.983,90,-0.0001,-0,0,-0.0001,-0,-0,0,-0,0,-0,90,90,0,0,-0,0,0,0,0,0,0,0,0,-127.56,-47.256,-4.7414,-6.6835,-8.7565,5.1281,-130.24,58.797,-7.7361,9.2023,-13.7,89.983,90,-0.0001,-0,0,-0.0001,-0,-0,0,-0,0,-0,90,90,0,0,-0,0,0,0,0,0,0,0,0,-127.56,-47.256,-4.7414,-6.6835,-8.7565,4.6146,-130.24,58.797,-7.7361,9.2023,-13.7,89.983,90,-0.0001,-0,0,-0.0001,-0,-0,0,-0,0,-0,90,90,0,0,-0,0,0,0,0,0,0,0,0,-127.56,-47.256,-4.7414,-6.6835,-8.7565,3.7607,-130.24,58.797,-7.7361,9.2023,-13.735,89.983,90,-0.0001,-0,0,-0.0001,-0,-0,0,-0,0,-0,90,90,0,0,-0,0,0,0,0,0,0,0,0,-127.56,-47.256,-4.7414,-6.6835,-8.7565,3.2472,-130.24,58.797,-7.7361,9.2023,-13.735,89.983,90,-0.0001,-0,0,-0.0001,-0.0103,-0,0,-0,0,-0,90,90,0,0,-0,0,0,0,0,0,0,0,0,-127.56,-47.256,-4.7414,-6.6835,-8.7565,2.3933,-130.24,58.797,-7.7361,9.2023,-13.735,89.983,90,-0.0001,-0,0,-0.0001,-0.0061,-0,0,-0,0,-0,90,90,0,0,-0,0,0,0,0,0,0,0,0,-127.56,-47.256,-4.7414,-6.6835,-8.7565,0,1
6.1529,-130.07,58.797,-7.7361,9.2023,-13.7,89.986,90,-0.0001,-0,0,-0.0001,0.0459,-0,0,-0,0,-0,90,90,0,0,-0,0,0,0,0,0,0,0,-0,-127.56,-47.256,-4.7414,-6.6835,-8.7565,6.6663,-130.07,58.797,-7.7361,9.2023,-13.7,89.985,90,-0.0001,-0,0,-0.0001,0.0211,-0,0,-0,0,-0,90,90,0,0,-0,0,0,0,0,0,0,0,-0,-127.56,-47.256,-4.7414,-6.6835,-8.7565,6.1529,-130.07,58.797,-7.7361,9.2023,-13.7,89.984,90,-0.0001,-0,0,-0.0001,0.0402,-0,0,-0,0,-0,90,90,0,0,-0,0,0,0,0,0,0,0,-0,-127.56,-47.256,-4.7414,-6.6835,-8.7565,6.3237,-130.07,58.797,-7.7361,9.2023,-13.7,89.983,90,-0.0001,-0,0,-0.0001,0.0204,-0,0,-0,0,-0,90,90,0,0,-0,0,0,0,0,0,0,0,-0,-127.56,-47.256,-4.7414,-6.6835,-8.7565,6.3237,-130.24,58.797,-7.7361,9.2023,-13.7,89.983,90,-0.0001,-0,0,-0.0001,0.0023,-0,0,-0,0,-0,90,90,0,0,-0,0,0,0,0,0,0,0,-0,-127.56,-47.256,-4.7414,-6.6835,-8.7565,5.8113,-130.24,58.797,-7.7361,9.2023,-13.7,89.983,90,-0.0001,-0,0,-0.0001,-0,-0,0,-0,0,-0,90,90,0,0,-0,0,0,0,0,0,0,0,0,-127.56,-47.256,-4.7414,-6.6835,-8.7565,5.1281,-130.24,58.797,-7.7361,9.2023,-13.7,89.983,90,-0.0001,-0,0,-0.0001,-0,-0,0,-0,0,-0,90,90,0,0,-0,0,0,0,0,0,0,0,0,-127.56,-47.256,-4.7414,-6.6835,-8.7565,4.6146,-130.24,58.797,-7.7361,9.2023,-13.7,89.983,90,-0.0001,-0,0,-0.0001,-0,-0,0,-0,0,-0,90,90,0,0,-0,0,0,0,0,0,0,0,0,-127.56,-47.256,-4.7414,-6.6835,-8.7565,3.7607,-130.24,58.797,-7.7361,9.2023,-13.735,89.983,90,-0.0001,-0,0,-0.0001,-0,-0,0,-0,0,-0,90,90,0,0,-0,0,0,0,0,0,0,0,0,-127.56,-47.256,-4.7414,-6.6835,-8.7565,3.2472,-130.24,58.797,-7.7361,9.2023,-13.735,89.983,90,-0.0001,-0,0,-0.0001,-0.0103,-0,0,-0,0,-0,90,90,0,0,-0,0,0,0,0,0,0,0,0,-127.56,-47.256,-4.7414,-6.6835,-8.7565,0,1
6.1529,-130.07,58.797,-7.7361,9.2023,-13.7,89.987,90,-0.0001,-0,0,-0.0001,0.0443,-0,0,-0,0,-0,90,90,0,0,-0,0,0,0,0,0,0,0,-0,-127.56,-47.256,-4.7414,-6.6835,-8.7565,6.1529,-130.07,58.797,-7.7361,9.2023,-13.7,89.986,90,-0.0001,-0,0,-0.0001,0.0459,-0,0,-0,0,-0,90,90,0,0,-0,0,0,0,0,0,0,0,-0,-127.56,-47.256,-4.7414,-6.6835,-8.7565,6.6663,-130.07,58.797,-7.7361,9.2023,-13.7,89.985,90,-0.0001,-0,0,-0.0001,0.0211,-0,0,-0,0,-0,90,90,0,0,-0,0,0,0,0,0,0,0,-0,-127.56,-47.256,-4.7414,-6.6835,-8.7565,6.1529,-130.07,58.797,-7.7361,9.2023,-13.7,89.984,90,-0.0001,-0,0,-0.0001,0.0402,-0,0,-0,0,-0,90,90,0,0,-0,0,0,0,0,0,0,0,-0,-127.56,-47.256,-4.7414,-6.6835,-8.7565,6.3237,-130.07,58.797,-7.7361,9.2023,-13.7,89.983,90,-0.0001,-0,0,-0.0001,0.0204,-0,0,-0,0,-0,90,90,0,0,-0,0,0,0,0,0,0,0,-0,-127.56,-47.256,-4.7414,-6.6835,-8.7565,6.3237,-130.24,58.797,-7.7361,9.2023,-13.7,89.983,90,-0.0001,-0,0,-0.0001,0.0023,-0,0,-0,0,-0,90,90,0,0,-0,0,0,0,0,0,0,0,-0,-127.56,-47.256,-4.7414,-6.6835,-8.7565,5.8113,-130.24,58.797,-7.7361,9.2023,-13.7,89.983,90,-0.0001,-0,0,-0.0001,-0,-0,0,-0,0,-0,90,90,0,0,-0,0,0,0,0,0,0,0,0,-127.56,-47.256,-4.7414,-6.6835,-8.7565,5.1281,-130.24,58.797,-7.7361,9.2023,-13.7,89.983,90,-0.0001,-0,0,-0.0001,-0,-0,0,-0,0,-0,90,90,0,0,-0,0,0,0,0,0,0,0,0,-127.56,-47.256,-4.7414,-6.6835,-8.7565,4.6146,-130.24,58.797,-7.7361,9.2023,-13.7,89.983,90,-0.0001,-0,0,-0.0001,-0,-0,0,-0,0,-0,90,90,0,0,-0,0,0,0,0,0,0,0,0,-127.56,-47.256,-4.7414,-6.6835,-8.7565,3.7607,-130.24,58.797,-7.7361,9.2023,-13.735,89.983,90,-0.0001,-0,0,-0.0001,-0,-0,0,-0,0,-0,90,90,0,0,-0,0,0,0,0,0,0,0,0,-127.56,-47.256,-4.7414,-6.6835,-8.7565,0,1
6.4955,-130.07,58.797,-7.7361,9.2023,-13.7,89.988,90,-0.0001,-0,0,-0.0001,0.0313,-0,0,-0,0,-0,90,90,0,0,-0,0,0,0,0,0,0,0,-0,-127.56,-47.256,-4.7414,-6.6835,-8.7565,6.1529,-130.07,58.797,-7.7361,9.2023,-13.7,89.987,90,-0.0001,-0,0,-0.0001,0.0443,-0,0,-0,0,-0,90,90,0,0,-0,0,0,0,0,0,0,0,-0,-127.56,-47.256,-4.7414,-6.6835,-8.7565,6.1529,-130.07,58.797,-7.7361,9.2023,-13.7,89.986,90,-0.0001,-0,0,-0.0001,0.0459,-0,0,-0,0,-0,90,90,0,0,-0,0,0,0,0,0,0,0,-0,-127.56,-47.256,-4.7414,-6.6835,-8.7565,6.6663,-130.07,58.797,-7.7361,9.2023,-13.7,89.985,90,-0.0001,-0,0,-0.0001,0.0211,-0,0,-0,0,-0,90,90,0,0,-0,0,0,0,0,0,0,0,-0,-127.56,-47.256,-4.7414,-6.6835,-8.7565,6.1529,-130.07,58.797,-7.7361,9.2023,-13.7,89.984,90,-0.0001,-0,0,-0.0001,0.0402,-0,0,-0,0,-0,90,90,0,0,-0,0,0,0,0,0,0,0,-0,-127.56,-47.256,-4.7414,-6.6835,-8.7565,6.3237,-130.07,58.797,-7.7361,9.2023,-13.7,89.983,90,-0.0001,-0,0,-0.0001,0.0204,-0,0,-0,0,-0,90,90,0,0,-0,0,0,0,0,0,0,0,-0,-127.56,-47.256,-4.7414,-6.6835,-8.7565,6.3237,-130.24,58.797,-7.7361,9.2023,-13.7,89.983,90,-0.0001,-0,0,-0.0001,0.0023,-0,0,-0,0,-0,90,90,0,0,-0,0,0,0,0,0,0,0,-0,-127.56,-47.256,-4.7414,-6.6835,-8.7565,5.8113,-130.24,58.797,-7.7361,9.2023,-13.7,89.983,90,-0.0001,-0,0,-0.0001,-0,-0,0,-0,0,-0,90,90,0,0,-0,0,0,0,0,0,0,0,0,-127.56,-47.256,-4.7414,-6.6835,-8.7565,5.1281,-130.24,58.797,-7.7361,9.2023,-13.7,89.983,90,-0.0001,-0,0,-0.0001,-0,-0,0,-0,0,-0,90,90,0,0,-0,0,0,0,0,0,0,0,0,-127.56,-47.256,-4.7414,-6.6835,-8.7565,4.6146,-130.24,58.797,-7.7361,9.2023,-13.7,89.983,90,-0.0001,-0,0,-0.0001,-0,-0,0,-0,0,-0,90,90,0,0,-0,0,0,0,0,0,0,0,0,-127.56,-47.256,-4.7414,-6.6835,-8.7565,0,1
7.0079,-130.07,58.797,-7.7361,9.2023,-13.7,89.989,90,-0.0001,-0,0,-0.0001,0.0123,-0,0,-0,0,-0,90,90,0,0,-0,0,0,0,0,0,0,0,-0,-127.56,-47.256,-4.7414,-6.6835,-8.7565,6.4955,-130.07,58.797,-7.7361,9.2023,-13.7,89.988,90,-0.0001,-0,0,-0.0001,0.0313,-0,0,-0,0,-0,90,90,0,0,-0,0,0,0,0,0,0,0,-0,-127.56,-47.256,-4.7414,-6.6835,-8.7565,6.1529,-130.07,58.797,-7.7361,9.2023,-13.7,89.987,90,-0.0001,-0,0,-0.0001,0.0443,-0,0,-0,0,-0,90,90,0,0,-0,0,0,0,0,0,0,0,-0,-127.56,-47.256,-4.7414,-6.6835,-8.7565,6.1529,-130.07,58.797,-7.7361,9.2023,-13.7,89.986,90,-0.0001,-0,0,-0.0001,0.0459,-0,0,-0,0,-0,90,90,0,0,-0,0,0,0,0,0,0,0,-0,-127.56,-47.256,-4.7414,-6.6835,-8.7565,6.6663,-130.07,58.797,-7.7361,9.2023,-13.7,89.985,90,-0.0001,-0,0,-0.0001,0.0211,-0,0,-0,0,-0,90,90,0,0,-0,0,0,0,0,0,0,0,-0,-127.56,-47.256,-4.7414,-6.6835,-8.7565,6.1529,-130.07,58.797,-7.7361,9.2023,-13.7,89.984,90,-0.0001,-0,0,-0.0001,0.0402,-0,0,-0,0,-0,90,90,0,0,-0,0,0,0,0,0,0,0,-0,-127.56,-47.256,-4.7414,-6.6835,-8.7565,6.3237,-130.07,58.797,-7.7361,9.2023,-13.7,89.983,90,-0.0001,-0,0,-0.0001,0.0204,-0,0,-0,0,-0,90,90,0,0,-0,0,0,0,0,0,0,0,-0,-127.56,-47.256,-4.7414,-6.6835,-8.7565,6.3237,-130.24,58.797,-7.7361,9.2023,-13.7,89.983,90,-0.0001,-0,0,-0.0001,0.0023,-0,0,-0,0,-0,90,90,0,0,-0,0,0,0,0,0,0,0,-0,-127.56,-47.256,-4.7414,-6.6835,-8.7565,5.8113,-130.24,58.797,-7.7361,9.2023,-13.7,89.983,90,-0.0001,-0,0,-0.0001,-0,-0,0,-0,0,-0,90,90,0,0,-0,0,0,0,0,0,0,0,0,-127.56,-47.256,-4.7414,-6.6835,-8.7565,5.1281,-130.24,58.797,-7.7361,9.2023,-13.7,89.983,90,-0.0001,-0,0,-0.0001,-0,-0,0,-0,0,-0,90,90,0,0,-0,0,0,0,0,0,0,0,0,-127.56,-47.256,-4.7414,-6.6835,-8.7565,0,1
7.3495,-130.07,58.797,-7.7361,9.2023,-13.7,89.989,90,-0.0001,-0,0,-0.0001,0.0016,-0,0,-0,0,-0,90,90,0,0,-0,0,0,0,0,0,0,0,-0,-127.56,-47.256,-4.7414,-6.6835,-8.7565,7.0079,-130.07,58.797,-7.7361,9.2023,-13.7,89.989,90,-0.0001,-0,0,-0.0001,0.0123,-0,0,-0,0,-0,90,90,0,0,-0,0,0,0,0,0,0,0,-0,-127.56,-47.256,-4.7414,-6.6835,-8.7565,6.4955,-130.07,58.797,-7.7361,9.2023,-13.7,89.988,90,-0.0001,-0,0,-0.0001,0.0313,-0,0,-0,0,-0,90,90,0,0,-0,0,0,0,0,0,0,0,-0,-127.56,-47.256,-4.7414,-6.6835,-8.7565,6.1529,-130.07,58.797,-7.7361,9.2023,-13.7,89.987,90,-0.0001,-0,0,-0.0001,0.0443,-0,0,-0,0,-0,90,90,0,0,-0,0,0,0,0,0,0,0,-0,-127.56,-47.256,-4.7414,-6.6835,-8.7565,6.1529,-130.07,58.797,-7.7361,9.2023,-13.7,89.986,90,-0.0001,-0,0,-0.0001,0.0459,-0,0,-0,0,-0,90,90,0,0,-0,0,0,0,0,0,0,0,-0,-127.56,-47.256,-4.7414,-6.6835,-8.7565,6.6663,-130.07,58.797,-7.7361,9.2023,-13.7,89.985,90,-0.0001,-0,0,-0.0001,0.0211,-0,0,-0,0,-0,90,90,0,0,-0,0,0,0,0,0,0,0,-0,-127.56,-47.256,-4.7414,-6.6835,-8.7565,6.1529,-130.07,58.797,-7.7361,9.2023,-13.7,89.984,90,-0.0001,-0,0,-0.0001,0.0402,-0,0,-0,0,-0,90,90,0,0,-0,0,0,0,0,0,0,0,-0,-127.56,-47.256,-4.7414,-6.6835,-8.7565,6.3237,-130.07,58.797,-7.7361,9.2023,-13.7,89.983,90,-0.0001,-0,0,-0.0001,0.0204,-0,0,-0,0,-0,90,90,0,0,-0,0,0,0,0,0,0,0,-0,-127.56,-47.256,-4.7414,-6.6835,-8.7565,6.3237,-130.24,58.797,-7.7361,9.2023,-13.7,89.983,90,-0.0001,-0,0,-0.0001,0.0023,-0,0,-0,0,-0,90,90,0,0,-0,0,0,0,0,0,0,0,-0,-127.56,-47.256,-4.7414,-6.6835,-8.7565,5.8113,-130.24,58.797,-7.7361,9.2023,-13.7,89.983,90,-0.0001,-0,0,-0.0001,-0,-0,0,-0,0,-0,90,90,0,0,-0,0,0,0,0,0,0,0,0,-127.56,-47.256,-4.7414,-6.6835,-8.7565,0,1
7.5203,-130.07,58.797,-7.7361,9.2023,-13.7,89.989,90,-0.0001,-0,0,-0.0001,0.0025,-0,0,-0,0,-0,90,90,0,0,-0,0,0,0,0,0,0,0,-0,-127.56,-47.256,-4.7414,-6.6835,-8.7565,7.3495,-130.07,58.797,-7.7361,9.2023,-13.7,89.989,90,-0.0001,-0,0,-0.0001,0.0016,-0,0,-0,0,-0,90,90,0,0,-0,0,0,0,0,0,0,0,-0,-127.56,-47.256,-4.7414,-6.6835,-8.7565,7.0079,-130.07,58.797,-7.7361,9.2023,-13.7,89.989,90,-0.0001,-0,0,-0.0001,0.0123,-0,0,-0,0,-0,90,90,0,0,-0,0,0,0,0,0,0,0,-0,-127.56,-47.256,-4.7414,-6.6835,-8.7565,6.4955,-130.07,58.797,-7.7361,9.2023,-13.7,89.988,90,-0.0001,-0,0,-0.0001,0.0313,-0,0,-0,0,-0,90,90,0,0,-0,0,0,0,0,0,0,0,-0,-127.56,-47.256,-4.7414,-6.6835,-8.7565,6.1529,-130.07,58.797,-7.7361,9.2023,-13.7,89.987,90,-0.0001,-0,0,-0.0001,0.0443,-0,0,-0,0,-0,90,90,0,0,-0,0,0,0,0,0,0,0,-0,-127.56,-47.256,-4.7414,-6.6835,-8.7565,6.1529,-130.07,58.797,-7.7361,9.2023,-13.7,89.986,90,-0.0001,-0,0,-0.0001,0.0459,-0,0,-0,0,-0,90,90,0,0,-0,0,0,0,0,0,0,0,-0,-127.56,-47.256,-4.7414,-6.6835,-8.7565,6.6663,-130.07,58.797,-7.7361,9.2023,-13.7,89.985,90,-0.0001,-0,0,-0.0001,0.0211,-0,0,-0,0,-0,90,90,0,0,-0,0,0,0,0,0,0,0,-0,-127.56,-47.256,-4.7414,-6.6835,-8.7565,6.1529,-130.07,58.797,-7.7361,9.2023,-13.7,89.984,90,-0.0001,-0,0,-0.0001,0.0402,-0,0,-0,0,-0,90,90,0,0,-0,0,0,0,0,0,0,0,-0,-127.56,-47.256,-4.7414,-6.6835,-8.7565,6.3237,-130.07,58.797,-7.7361,9.2023,-13.7,89.983,90,-0.0001,-0,0,-0.0001,0.0204,-0,0,-0,0,-0,90,90,0,0,-0,0,0,0,0,0,0,0,-0,-127.56,-47.256,-4.7414,-6.6835,-8.7565,6.3237,-130.24,58.797,-7.7361,9.2023,-13.7,89.983,90,-0.0001,-0,0,-0.0001,0.0023,-0,0,-0,0,-0,90,90,0,0,-0,0,0,0,0,0,0,0,-0,-127.56,-47.256,-4.7414,-6.6835,-8.7565,0,1
7.8619,-130.07,58.797,-7.7361,9.2023,-13.7,89.99,90,-0.0001,-0,0,-0.0001,-0,-0,0,-0,0,-0,90,90,0,0,-0,0,0,0,0,0,0,0,0,-127.56,-47.256,-4.7414,-6.6835,-8.7565,7.5203,-130.07,58.797,-7.7361,9.2023,-13.7,89.989,90,-0.0001,-0,0,-0.0001,0.0025,-0,0,-0,0,-0,90,90,0,0,-0,0,0,0,0,0,0,0,-0,-127.56,-47.256,-4.7414,-6.6835,-8.7565,7.3495,-130.07,58.797,-7.7361,9.2023,-13.7,89.989,90,-0.0001,-0,0,-0.0001,0.0016,-0,0,-0,0,-0,90,90,0,0,-0,0,0,0,0,0,0,0,-0,-127.56,-47.256,-4.7414,-6.6835,-8.7565,7.0079,-130.07,58.797,-7.7361,9.2023,-13.7,89.989,90,-0.0001,-0,0,-0.0001,0.0123,-0,0,-0,0,-0,90,90,0,0,-0,0,0,0,0,0,0,0,-0,-127.56,-47.256,-4.7414,-6.6835,-8.7565,6.4955,-130.07,58.797,-7.7361,9.2023,-13.7,89.988,90,-0.0001,-0,0,-0.0001,0.0313,-0,0,-0,0,-0,90,90,0,0,-0,0,0,0,0,0,0,0,-0,-127.56,-47.256,-4.7414,-6.6835,-8.7565,6.1529,-130.07,58.797,-7.7361,9.2023,-13.7,89.987,90,-0.0001,-0,0,-0.0001,0.0443,-0,0,-0,0,-0,90,90,0,0,-0,0,0,0,0,0,0,0,-0,-127.56,-47.256,-4.7414,-6.6835,-8.7565,6.1529,-130.07,58.797,-7.7361,9.2023,-13.7,89.986,90,-0.0001,-0,0,-0.0001,0.0459,-0,0,-0,0,-0,90,90,0,0,-0,0,0,0,0,0,0,0,-0,-127.56,-47.256,-4.7414,-6.6835,-8.7565,6.6663,-130.07,58.797,-7.7361,9.2023,-13.7,89.985,90,-0.0001,-0,0,-0.0001,0.0211,-0,0,-0,0,-0,90,90,0,0,-0,0,0,0,0,0,0,0,-0,-127.56,-47.256,-4.7414,-6.6835,-8.7565,6.1529,-130.07,58.797,-7.7361,9.2023,-13.7,89.984,90,-0.0001,-0,0,-0.0001,0.0402,-0,0,-0,0,-0,90,90,0,0,-0,0,0,0,0,0,0,0,-0,-127.56,-47.256,-4.7414,-6.6835,-8.7565,6.3237,-130.07,58.797,-7.7361,9.2023,-13.7,89.983,90,-0.0001,-0,0,-0.0001,0.0204,-0,0,-0,0,-0,90,90,0,0,-0,0,0,0,0,0,0,0,-0,-127.56,-47.256,-4.7414,-6.6835,-8.7565,0,1
7.8619,-130.07,58.797,-7.7361,9.2023,-13.7,89.99,90,-0.0001,-0,0,-0.0001,0.0101,-0,0,-0,0,-0,90,90,0,0,-0,0,0,0,0,0,0,0,-0,-127.56,-47.256,-4.7414,-6.6835,-8.7565,7.8619,-130.07,58.797,-7.7361,9.2023,-13.7,89.99,90,-0.0001,-0,0,-0.0001,-0,-0,0,-0,0,-0,90,90,0,0,-0,0,0,0,0,0,0,0,0,-127.56,-47.256,-4.7414,-6.6835,-8.7565,7.5203,-130.07,58.797,-7.7361,9.2023,-13.7,89.989,90,-0.0001,-0,0,-0.0001,0.0025,-0,0,-0,0,-0,90,90,0,0,-0,0,0,0,0,0,0,0,-0,-127.56,-47.256,-4.7414,-6.6835,-8.7565,7.3495,-130.07,58.797,-7.7361,9.2023,-13.7,89.989,90,-0.0001,-0,0,-0.0001,0.0016,-0,0,-0,0,-0,90,90,0,0,-0,0,0,0,0,0,0,0,-0,-127.56,-47.256,-4.7414,-6.6835,-8.7565,7.0079,-130.07,58.797,-7.7361,9.2023,-13.7,89.989,90,-0.0001,-0,0,-0.0001,0.0123,-0,0,-0,0,-0,90,90,0,0,-0,0,0,0,0,0,0,0,-0,-127.56,-47.256,-4.7414,-6.6835,-8.7565,6.4955,-130.07,58.797,-7.7361,9.2023,-13.7,89.988,90,-0.0001,-0,0,-0.0001,0.0313,-0,0,-0,0,-0,90,90,0,0,-0,0,0,0,0,0,0,0,-0,-127.56,-47.256,-4.7414,-6.6835,-8.7565,6.1529,-130.07,58.797,-7.7361,9.2023,-13.7,89.987,90,-0.0001,-0,0,-0.0001,0.0443,-0,0,-0,0,-0,90,90,0,0,-0,0,0,0,0,0,0,0,-0,-127.56,-47.256,-4.7414,-6.6835,-8.7565,6.1529,-130.07,58.797,-7.7361,9.2023,-13.7,89.986,90,-0.0001,-0,0,-0.0001,0.0459,-0,0,-0,0,-0,90,90,0,0,-0,0,0,0,0,0,0,0,-0,-127.56,-47.256,-4.7414,-6.6835,-8.7565,6.6663,-130.07,58.797,-7.7361,9.2023,-13.7,89.985,90,-0.0001,-0,0,-0.0001,0.0211,-0,0,-0,0,-0,90,90,0,0,-0,0,0,0,0,0,0,0,-0,-127.56,-47.256,-4.7414,-6.6835,-8.7565,6.1529,-130.07,58.797,-7.7361,9.2023,-13.7,89.984,90,-0.0001,-0,0,-0.0001,0.0402,-0,0,-0,0,-0,90,90,0,0,-0,0,0,0,0,0,0,0,-0,-127.56,-47.256,-4.7414,-6.6835,-8.7565,0,1
8.0337,-130.07,58.797,-7.7361,9.2023,-13.7,89.99,90,-0.0001,-0,0,-0.0001,0.013,-0,0,-0,0,-0,90,90,0,0,-0,0,0,0,0,0,0,0,-0,-127.56,-47.256,-4.7414,-6.6835,-8.7565,7.8619,-130.07,58.797,-7.7361,9.2023,-13.7,89.99,90,-0.0001,-0,0,-0.0001,0.0101,-0,0,-0,0,-0,90,90,0,0,-0,0,0,0,0,0,0,0,-0,-127.56,-47.256,-4.7414,-6.6835,-8.7565,7.8619,-130.07,58.797,-7.7361,9.2023,-13.7,89.99,90,-0.0001,-0,0,-0.0001,-0,-0,0,-0,0,-0,90,90,0,0,-0,0,0,0,0,0,0,0,0,-127.56,-47.256,-4.7414,-6.6835,-8.7565,7.5203,-130.07,58.797,-7.7361,9.2023,-13.7,89.989,90,-0.0001,-0,0,-0.0001,0.0025,-0,0,-0,0,-0,90,90,0,0,-0,0,0,0,0,0,0,0,-0,-127.56,-47.256,-4.7414,-6.6835,-8.7565,7.3495,-130.07,58.797,-7.7361,9.2023,-13.7,89.989,90,-0.0001,-0,0,-0.0001,0.0016,-0,0,-0,0,-0,90,90,0,0,-0,0,0,0,0,0,0,0,-0,-127.56,-47.256,-4.7414,-6.6835,-8.7565,7.0079,-130.07,58.797,-7.7361,9.2023,-13.7,89.989,90,-0.0001,-0,0,-0.0001,0.0123,-0,0,-0,0,-0,90,90,0,0,-0,0,0,0,0,0,0,0,-0,-127.56,-47.256,-4.7414,-6.6835,-8.7565,6.4955,-130.07,58.797,-7.7361,9.2023,-13.7,89.988,90,-0.0001,-0,0,-0.0001,0.0313,-0,0,-0,0,-0,90,90,0,0,-0,0,0,0,0,0,0,0,-0,-127.56,-47.256,-4.7414,-6.6835,-8.7565,6.1529,-130.07,58.797,-7.7361,9.2023,-13.7,89.987,90,-0.0001,-0,0,-0.0001,0.0443,-0,0,-0,0,-0,90,90,0,0,-0,0,0,0,0,0,0,0,-0,-127.56,-47.256,-4.7414,-6.6835,-8.7565,6.1529,-130.07,58.797,-7.7361,9.2023,-13.7,89.986,90,-0.0001,-0,0,-0.0001,0.0459,-0,0,-0,0,-0,90,90,0,0,-0,0,0,0,0,0,0,0,-0,-127.56,-47.256,-4.7414,-6.6835,-8.7565,6.6663,-130.07,58.797,-7.7361,9.2023,-13.7,89.985,90,-0.0001,-0,0,-0.0001,0.0211,-0,0,-0,0,-0,90,90,0,0,-0,0,0,0,0,0,0,0,-0,-127.56,-47.256,-4.7414,-6.6835,-8.7565,0,1
8.0337,-130.07,58.797,-7.7361,9.2023,-13.7,89.991,90,-0.0001,-0,0,-0.0001,0.0174,-0,0,-0,0,-0,90,90,0,0,-0,0,0,0,0,0,0,0,-0,-127.56,-47.256,-4.7414,-6.6835,-8.7565,8.0337,-130.07,58.797,-7.7361,9.2023,-13.7,89.99,90,-0.0001,-0,0,-0.0001,0.013,-0,0,-0,0,-0,90,90,0,0,-0,0,0,0,0,0,0,0,-0,-127.56,-47.256,-4.7414,-6.6835,-8.7565,7.8619,-130.07,58.797,-7.7361,9.2023,-13.7,89.99,90,-0.0001,-0,0,-0.0001,0.0101,-0,0,-0,0,-0,90,90,0,0,-0,0,0,0,0,0,0,0,-0,-127.56,-47.256,-4.7414,-6.6835,-8.7565,7.8619,-130.07,58.797,-7.7361,9.2023,-13.7,89.99,90,-0.0001,-0,0,-0.0001,-0,-0,0,-0,0,-0,90,90,0,0,-0,0,0,0,0,0,0,0,0,-127.56,-47.256,-4.7414,-6.6835,-8.7565,7.5203,-130.07,58.797,-7.7361,9.2023,-13.7,89.989,90,-0.0001,-0,0,-0.0001,0.0025,-0,0,-0,0,-0,90,90,0,0,-0,0,0,0,0,0,0,0,-0,-127.56,-47.256,-4.7414,-6.6835,-8.7565,7.3495,-130.07,58.797,-7.7361,9.2023,-13.7,89.989,90,-0.0001,-0,0,-0.0001,0.0016,-0,0,-0,0,-0,90,90,0,0,-0,0,0,0,0,0,0,0,-0,-127.56,-47.256,-4.7414,-6.6835,-8.7565,7.0079,-130.07,58.797,-7.7361,9.2023,-13.7,89.989,90,-0.0001,-0,0,-0.0001,0.0123,-0,0,-0,0,-0,90,90,0,0,-0,0,0,0,0,0,0,0,-0,-127.56,-47.256,-4.7414,-6.6835,-8.7565,6.4955,-130.07,58.797,-7.7361,9.2023,-13.7,89.988,90,-0.0001,-0,0,-0.0001,0.0313,-0,0,-0,0,-0,90,90,0,0,-0,0,0,0,0,0,0,0,-0,-127.56,-47.256,-4.7414,-6.6835,-8.7565,6.1529,-130.07,58.797,-7.7361,9.2023,-13.7,89.987,90,-0.0001,-0,0,-0.0001,0.0443,-0,0,-0,0,-0,90,90,0,0,-0,0,0,0,0,0,0,0,-0,-127.56,-47.256,-4.7414,-6.6835,-8.7565,6.1529,-130.07,58.797,-7.7361,9.2023,-13.7,89.986,90,-0.0001,-0,0,-0.0001,0.0459,-0,0,-0,0,-0,90,90,0,0,-0,0,0,0,0,0,0,0,-0,-127.56,-47.256,-4.7414,-6.6835,-8.7565,0,1
7.6911,-130.07,58.626,-7.7361,9.2023,-13.7,89.991,90,-0.0001,-0,0,-0.0001,0.0264,-0,0,-0,0,-0,90,90,0,0,-0,0,0,0,0,0,0,0,-0,-127.56,-47.256,-4.7414,-6.6835,-8.7565,8.0337,-130.07,58.797,-7.7361,9.2023,-13.7,89.991,90,-0.0001,-0,0,-0.0001,0.0174,-0,0,-0,0,-0,90,90,0,0,-0,0,0,0,0,0,0,0,-0,-127.56,-47.256,-4.7414,-6.6835,-8.7565,8.0337,-130.07,58.797,-7.7361,9.2023,-13.7,89.99,90,-0.0001,-0,0,-0.0001,0.013,-0,0,-0,0,-0,90,90,0,0,-0,0,0,0,0,0,0,0,-0,-127.56,-47.256,-4.7414,-6.6835,-8.7565,7.8619,-130.07,58.797,-7.7361,9.2023,-13.7,89.99,90,-0.0001,-0,0,-0.0001,0.0101,-0,0,-0,0,-0,90,90,0,0,-0,0,0,0,0,0,0,0,-0,-127.56,-47.256,-4.7414,-6.6835,-8.7565,7.8619,-130.07,58.797,-7.7361,9.2023,-13.7,89.99,90,-0.0001,-0,0,-0.0001,-0,-0,0,-0,0,-0,90,90,0,0,-0,0,0,0,0,0,0,0,0,-127.56,-47.256,-4.7414,-6.6835,-8.7565,7.5203,-130.07,58.797,-7.7361,9.2023,-13.7,89.989,90,-0.0001,-0,0,-0.0001,0.0025,-0,0,-0,0,-0,90,90,0,0,-0,0,0,0,0,0,0,0,-0,-127.56,-47.256,-4.7414,-6.6835,-8.7565,7.3495,-130.07,58.797,-7.7361,9.2023,-13.7,89.989,90,-0.0001,-0,0,-0.0001,0.0016,-0,0,-0,0,-0,90,90,0,0,-0,0,0,0,0,0,0,0,-0,-127.56,-47.256,-4.7414,-6.6835,-8.7565,7.0079,-130.07,58.797,-7.7361,9.2023,-13.7,89.989,90,-0.0001,-0,0,-0.0001,0.0123,-0,0,-0,0,-0,90,90,0,0,-0,0,0,0,0,0,0,0,-0,-127.56,-47.256,-4.7414,-6.6835,-8.7565,6.4955,-130.07,58.797,-7.7361,9.2023,-13.7,89.988,90,-0.0001,-0,0,-0.0001,0.0313,-0,0,-0,0,-0,90,90,0,0,-0,0,0,0,0,0,0,0,-0,-127.56,-47.256,-4.7414,-6.6835,-8.7565,6.1529,-130.07,58.797,-7.7361,9.2023,-13.7,89.987,90,-0.0001,-0,0,-0.0001,0.0443,-0,0,-0,0,-0,90,90,0,0,-0,0,0,0,0,0,0,0,-0,-127.56,-47.256,-4.7414,-6.6835,-8.7565,0,1
7.3495,-130.07,58.626,-7.7361,9.2023,-13.7,89.992,90,-0.0001,-0,0,-0.0001,0.0403,-0,0,-0,0,-0,90,90,0,0,-0,0,0,0,0,0,0,0,-0,-127.56,-47.256,-4.7414,-6.6835,-8.7565,7.6911,-130.07,58.626,-7.7361,9.2023,-13.7,89.991,90,-0.0001,-0,0,-0.0001,0.0264,-0,0,-0,0,-0,90,90,0,0,-0,0,0,0,0,0,0,0,-0,-127.56,-47.256,-4.7414,-6.6835,-8.7565,8.0337,-130.07,58.797,-7.7361,9.2023,-13.7,89.991,90,-0.0001,-0,0,-0.0001,0.0174,-0,0,-0,0,-0,90,90,0,0,-0,0,0,0,0,0,0,0,-0,-127.56,-47.256,-4.7414,-6.6835,-8.7565,8.0337,-130.07,58.797,-7.7361,9.2023,-13.7,89.99,90,-0.0001,-0,0,-0.0001,0.013,-0,0,-0,0,-0,90,90,0,0,-0,0,0,0,0,0,0,0,-0,-127.56,-47.256,-4.7414,-6.6835,-8.7565,7.8619,-130.07,58.797,-7.7361,9.2023,-13.7,89.99,90,-0.0001,-0,0,-0.0001,0.0101,-0,0,-0,0,-0,90,90,0,0,-0,0,0,0,0,0,0,0,-0,-127.56,-47.256,-4.7414,-6.6835,-8.7565,7.8619,-130.07,58.797,-7.7361,9.2023,-13.7,89.99,90,-0.0001,-0,0,-0.0001,-0,-0,0,-0,0,-0,90,90,0,0,-0,0,0,0,0,0,0,0,0,-127.56,-47.256,-4.7414,-6.6835,-8.7565,7.5203,-130.07,58.797,-7.7361,9.2023,-13.7,89.989,90,-0.0001,-0,0,-0.0001,0.0025,-0,0,-0,0,-0,90,90,0,0,-0,0,0,0,0,0,0,0,-0,-127.56,-47.256,-4.7414,-6.6835,-8.7565,7.3495,-130.07,58.797,-7.7361,9.2023,-13.7,89.989,90,-0.0001,-0,0,-0.0001,0.0016,-0,0,-0,0,-0,90,90,0,0,-0,0,0,0,0,0,0,0,-0,-127.56,-47.256,-4.7414,-6.6835,-8.7565,7.0079,-130.07,58.797,-7.7361,9.2023,-13.7,89.989,90,-0.0001,-0,0,-0.0001,0.0123,-0,0,-0,0,-0,90,90,0,0,-0,0,0,0,0,0,0,0,-0,-127.56,-47.256,-4.7414,-6.6835,-8.7565,6.4955,-130.07,58.797,-7.7361,9.2023,-13.7,89.988,90,-0.0001,-0,0,-0.0001,0.0313,-0,0,-0,0,-0,90,90,0,0,-0,0,0,0,0,0,0,0,-0,-127.56,-47.256,-4.7414,-6.6835,-8.7565,0,1
7.3495,-130.07,58.626,-7.7361,9.2023,-13.666,89.993,90,-0.0001,-0,0,-0.0001,0.0339,-0,0,-0,0,-0,90,90,0,0,-0,0,0,0,0,0,0,0,-0,-127.56,-47.256,-4.7414,-6.6835,-8.7565,7.3495,-130.07,58.626,-7.7361,9.2023,-13.7,89.992,90,-0.0001,-0,0,-0.0001,0.0403,-0,0,-0,0,-0,90,90,0,0,-0,0,0,0,0,0,0,0,-0,-127.56,-47.256,-4.7414,-6.6835,-8.7565,7.6911,-130.07,58.626,-7.7361,9.2023,-13.7,89.991,90,-0.0001,-0,0,-0.0001,0.0264,-0,0,-0,0,-0,90,90,0,0,-0,0,0,0,0,0,0,0,-0,-127.56,-47.256,-4.7414,-6.6835,-8.7565,8.0337,-130.07,58.797,-7.7361,9.2023,-13.7,89.991,90,-0.0001,-0,0,-0.0001,0.0174,-0,0,-0,0,-0,90,90,0,0,-0,0,0,0,0,0,0,0,-0,-127.56,-47.256,-4.7414,-6.6835,-8.7565,8.0337,-130.07,58.797,-7.7361,9.2023,-13.7,89.99,90,-0.0001,-0,0,-0.0001,0.013,-0,0,-0,0,-0,90,90,0,0,-0,0,0,0,0,0,0,0,-0,-127.56,-47.256,-4.7414,-6.6835,-8.7565,7.8619,-130.07,58.797,-7.7361,9.2023,-13.7,89.99,90,-0.0001,-0,0,-0.0001,0.0101,-0,0,-0,0,-0,90,90,0,0,-0,0,0,0,0,0,0,0,-0,-127.56,-47.256,-4.7414,-6.6835,-8.7565,7.8619,-130.07,58.797,-7.7361,9.2023,-13.7,89.99,90,-0.0001,-0,0,-0.0001,-0,-0,0,-0,0,-0,90,90,0,0,-0,0,0,0,0,0,0,0,0,-127.56,-47.256,-4.7414,-6.6835,-8.7565,7.5203,-130.07,58.797,-7.7361,9.2023,-13.7,89.989,90,-0.0001,-0,0,-0.0001,0.0025,-0,0,-0,0,-0,90,90,0,0,-0,0,0,0,0,0,0,0,-0,-127.56,-47.256,-4.7414,-6.6835,-8.7565,7.3495,-130.07,58.797,-7.7361,9.2023,-13.7,89.989,90,-0.0001,-0,0,-0.0001,0.0016,-0,0,-0,0,-0,90,90,0,0,-0,0,0,0,0,0,0,0,-0,-127.56,-47.256,-4.7414,-6.6835,-8.7565,7.0079,-130.07,58.797,-7.7361,9.2023,-13.7,89.989,90,-0.0001,-0,0,-0.0001,0.0123,-0,0,-0,0,-0,90,90,0,0,-0,0,0,0,0,0,0,0,-0,-127.56,-47.256,-4.7414,-6.6835,-8.7565,0,1
7.1787,-130.07,58.626,-7.7361,9.2023,-13.666,89.994,90,-0.0001,-0,0,-0.0001,0.0348,-0,0,-0,0,-0,90,90,0,0,-0,0,0,0,0,0,0,0,-0,-127.56,-47.256,-4.7414,-6.6835,-8.7565,7.3495,-130.07,58.626,-7.7361,9.2023,-13.666,89.993,90,-0.0001,-0,0,-0.0001,0.0339,-0,0,-0,0,-0,90,90,0,0,-0,0,0,0,0,0,0,0,-0,-127.56,-47.256,-4.7414,-6.6835,-8.7565,7.3495,-130.07,58.626,-7.7361,9.2023,-13.7,89.992,90,-0.0001,-0,0,-0.0001,0.0403,-0,0,-0,0,-0,90,90,0,0,-0,0,0,0,0,0,0,0,-0,-127.56,-47.256,-4.7414,-6.6835,-8.7565,7.6911,-130.07,58.626,-7.7361,9.2023,-13.7,89.991,90,-0.0001,-0,0,-0.0001,0.0264,-0,0,-0,0,-0,90,90,0,0,-0,0,0,0,0,0,0,0,-0,-127.56,-47.256,-4.7414,-6.6835,-8.7565,8.0337,-130.07,58.797,-7.7361,9.2023,-13.7,89.991,90,-0.0001,-0,0,-0.0001,0.0174,-0,0,-0,0,-0,90,90,0,0,-0,0,0,0,0,0,0,0,-0,-127.56,-47.256,-4.7414,-6.6835,-8.7565,8.0337,-130.07,58.797,-7.7361,9.2023,-13.7,89.99,90,-0.0001,-0,0,-0.0001,0.013,-0,0,-0,0,-0,90,90,0,0,-0,0,0,0,0,0,0,0,-0,-127.56,-47.256,-4.7414,-6.6835,-8.7565,7.8619,-130.07,58.797,-7.7361,9.2023,-13.7,89.99,90,-0.0001,-0,0,-0.0001,0.0101,-0,0,-0,0,-0,90,90,0,0,-0,0,0,0,0,0,0,0,-0,-127.56,-47.256,-4.7414,-6.6835,-8.7565,7.8619,-130.07,58.797,-7.7361,9.2023,-13.7,89.99,90,-0.0001,-0,0,-0.0001,-0,-0,0,-0,0,-0,90,90,0,0,-0,0,0,0,0,0,0,0,0,-127.56,-47.256,-4.7414,-6.6835,-8.7565,7.5203,-130.07,58.797,-7.7361,9.2023,-13.7,89.989,90,-0.0001,-0,0,-0.0001,0.0025,-0,0,-0,0,-0,90,90,0,0,-0,0,0,0,0,0,0,0,-0,-127.56,-47.256,-4.7414,-6.6835,-8.7565,7.3495,-130.07,58.797,-7.7361,9.2023,-13.7,89.989,90,-0.0001,-0,0,-0.0001,0.0016,-0,0,-0,0,-0,90,90,0,0,-0,0,0,0,0,0,0,0,-0,-127.56,-47.256,-4.7414,-6.6835,-8.7565,0,1
7.0079,-130.07,58.626,-7.7361,9.2023,-13.666,89.995,90,-0.0001,-0,0,-0.0001,0.0328,-0,0,-0,0,-0,90,90,0,0,-0,0,0,0,0,0,0,0,-0,-127.56,-47.256,-4.7414,-6.6835,-8.7565,7.1787,-130.07,58.626,-7.7361,9.2023,-13.666,89.994,90,-0.0001,-0,0,-0.0001,0.0348,-0,0,-0,0,-0,90,90,0,0,-0,0,0,0,0,0,0,0,-0,-127.56,-47.256,-4.7414,-6.6835,-8.7565,7.3495,-130.07,58.626,-7.7361,9.2023,-13.666,89.993,90,-0.0001,-0,0,-0.0001,0.0339,-0,0,-0,0,-0,90,90,0,0,-0,0,0,0,0,0,0,0,-0,-127.56,-47.256,-4.7414,-6.6835,-8.7565,7.3495,-130.07,58.626,-7.7361,9.2023,-13.7,89.992,90,-0.0001,-0,0,-0.0001,0.0403,-0,0,-0,0,-0,90,90,0,0,-0,0,0,0,0,0,0,0,-0,-127.56,-47.256,-4.7414,-6.6835,-8.7565,7.6911,-130.07,58.626,-7.7361,9.2023,-13.7,89.991,90,-0.0001,-0,0,-0.0001,0.0264,-0,0,-0,0,-0,90,90,0,0,-0,0,0,0,0,0,0,0,-0,-127.56,-47.256,-4.7414,-6.6835,-8.7565,8.0337,-130.07,58.797,-7.7361,9.2023,-13.7,89.991,90,-0.0001,-0,0,-0.0001,0.0174,-0,0,-0,0,-0,90,90,0,0,-0,0,0,0,0,0,0,0,-0,-127.56,-47.256,-4.7414,-6.6835,-8.7565,8.0337,-130.07,58.797,-7.7361,9.2023,-13.7,89.99,90,-0.0001,-0,0,-0.0001,0.013,-0,0,-0,0,-0,90,90,0,0,-0,0,0,0,0,0,0,0,-0,-127.56,-47.256,-4.7414,-6.6835,-8.7565,7.8619,-130.07,58.797,-7.7361,9.2023,-13.7,89.99,90,-0.0001,-0,0,-0.0001,0.0101,-0,0,-0,0,-0,90,90,0,0,-0,0,0,0,0,0,0,0,-0,-127.56,-47.256,-4.7414,-6.6835,-8.7565,7.8619,-130.07,58.797,-7.7361,9.2023,-13.7,89.99,90,-0.0001,-0,0,-0.0001,-0,-0,0,-0,0,-0,90,90,0,0,-0,0,0,0,0,0,0,0,0,-127.56,-47.256,-4.7414,-6.6835,-8.7565,7.5203,-130.07,58.797,-7.7361,9.2023,-13.7,89.989,90,-0.0001,-0,0,-0.0001,0.0025,-0,0,-0,0,-0,90,90,0,0,-0,0,0,0,0,0,0,0,-0,-127.56,-47.256,-4.7414,-6.6835,-8.7565,0,1
7.0079,-130.07,58.626,-7.7361,9.2023,-13.666,89.995,90,-0.0001,-0,0,-0.0001,0.0274,-0,0,-0,0,-0,90,90,0,0,-0,0,0,0,0,0,0,0,-0,-127.56,-47.256,-4.7414,-6.6835,-8.7565,7.0079,-130.07,58.626,-7.7361,9.2023,-13.666,89.995,90,-0.0001,-0,0,-0.0001,0.0328,-0,0,-0,0,-0,90,90,0,0,-0,0,0,0,0,0,0,0,-0,-127.56,-47.256,-4.7414,-6.6835,-8.7565,7.1787,-130.07,58.626,-7.7361,9.2023,-13.666,89.994,90,-0.0001,-0,0,-0.0001,0.0348,-0,0,-0,0,-0,90,90,0,0,-0,0,0,0,0,0,0,0,-0,-127.56,-47.256,-4.7414,-6.6835,-8.7565,7.3495,-130.07,58.626,-7.7361,9.2023,-13.666,89.993,90,-0.0001,-0,0,-0.0001,0.0339,-0,0,-0,0,-0,90,90,0,0,-0,0,0,0,0,0,0,0,-0,-127.56,-47.256,-4.7414,-6.6835,-8.7565,7.3495,-130.07,58.626,-7.7361,9.2023,-13.7,89.992,90,-0.0001,-0,0,-0.0001,0.0403,-0,0,-0,0,-0,90,90,0,0,-0,0,0,0,0,0,0,0,-0,-127.56,-47.256,-4.7414,-6.6835,-8.7565,7.6911,-130.07,58.626,-7.7361,9.2023,-13.7,89.991,90,-0.0001,-0,0,-0.0001,0.0264,-0,0,-0,0,-0,90,90,0,0,-0,0,0,0,0,0,0,0,-0,-127.56,-47.256,-4.7414,-6.6835,-8.7565,8.0337,-130.07,58.797,-7.7361,9.2023,-13.7,89.991,90,-0.0001,-0,0,-0.0001,0.0174,-0,0,-0,0,-0,90,90,0,0,-0,0,0,0,0,0,0,0,-0,-127.56,-47.256,-4.7414,-6.6835,-8.7565,8.0337,-130.07,58.797,-7.7361,9.2023,-13.7,89.99,90,-0.0001,-0,0,-0.0001,0.013,-0,0,-0,0,-0,90,90,0,0,-0,0,0,0,0,0,0,0,-0,-127.56,-47.256,-4.7414,-6.6835,-8.7565,7.8619,-130.07,58.797,-7.7361,9.2023,-13.7,89.99,90,-0.0001,-0,0,-0.0001,0.0101,-0,0,-0,0,-0,90,90,0,0,-0,0,0,0,0,0,0,0,-0,-127.56,-47.256,-4.7414,-6.6835,-8.7565,7.8619,-130.07,58.797,-7.7361,9.2023,-13.7,89.99,90,-0.0001,-0,0,-0.0001,-0,-0,0,-0,0,-0,90,90,0,0,-0,0,0,0,0,0,0,0,0,-127.56,-47.256,-4.7414,-6.6835,-8.7565,0,1
7.1787,-129.9,58.626,-7.7361,9.2023,-13.666,89.996,90,-0.0001,-0,0,-0.0001,0.017,-0,0,-0,0,-0,90,90,0,0,-0,0,0,0,0,0,0,0,-0,-127.56,-47.256,-4.7414,-6.6835,-8.7565,7.0079,-130.07,58.626,-7.7361,9.2023,-13.666,89.995,90,-0.0001,-0,0,-0.0001,0.0274,-0,0,-0,0,-0,90,90,0,0,-0,0,0,0,0,0,0,0,-0,-127.56,-47.256,-4.7414,-6.6835,-8.7565,7.0079,-130.07,58.626,-7.7361,9.2023,-13.666,89.995,90,-0.0001,-0,0,-0.0001,0.0328,-0,0,-0,0,-0,90,90,0,0,-0,0,0,0,0,0,0,0,-0,-127.56,-47.256,-4.7414,-6.6835,-8.7565,7.1787,-130.07,58.626,-7.7361,9.2023,-13.666,89.994,90,-0.0001,-0,0,-0.0001,0.0348,-0,0,-0,0,-0,90,90,0,0,-0,0,0,0,0,0,0,0,-0,-127.56,-47.256,-4.7414,-6.6835,-8.7565,7.3495,-130.07,58.626,-7.7361,9.2023,-13.666,89.993,90,-0.0001,-0,0,-0.0001,0.0339,-0,0,-0,0,-0,90,90,0,0,-0,0,0,0,0,0,0,0,-0,-127.56,-47.256,-4.7414,-6.6835,-8.7565,7.3495,-130.07,58.626,-7.7361,9.2023,-13.7,89.992,90,-0.0001,-0,0,-0.0001,0.0403,-0,0,-0,0,-0,90,90,0,0,-0,0,0,0,0,0,0,0,-0,-127.56,-47.256,-4.7414,-6.6835,-8.7565,7.6911,-130.07,58.626,-7.7361,9.2023,-13.7,89.991,90,-0.0001,-0,0,-0.0001,0.0264,-0,0,-0,0,-0,90,90,0,0,-0,0,0,0,0,0,0,0,-0,-127.56,-47.256,-4.7414,-6.6835,-8.7565,8.0337,-130.07,58.797,-7.7361,9.2023,-13.7,89.991,90,-0.0001,-0,0,-0.0001,0.0174,-0,0,-0,0,-0,90,90,0,0,-0,0,0,0,0,0,0,0,-0,-127.56,-47.256,-4.7414,-6.6835,-8.7565,8.0337,-130.07,58.797,-7.7361,9.2023,-13.7,89.99,90,-0.0001,-0,0,-0.0001,0.013,-0,0,-0,0,-0,90,90,0,0,-0,0,0,0,0,0,0,0,-0,-127.56,-47.256,-4.7414,-6.6835,-8.7565,7.8619,-130.07,58.797,-7.7361,9.2023,-13.7,89.99,90,-0.0001,-0,0,-0.0001,0.0101,-0,0,-0,0,-0,90,90,0,0,-0,0,0,0,0,0,0,0,-0,-127.56,-47.256,-4.7414,-6.6835,-8.7565,0,1
7.0079,-129.9,58.626,-7.7361,9.2023,-13.666,89.996,90,-0.0001,-0,0,-0.0001,0.0193,-0,0,-0,0,-0,90,90,0,0,-0,0,0,0,0,0,0,0,-0,-127.56,-47.256,-4.7414,-6.6835,-8.7565,7.1787,-129.9,58.626,-7.7361,9.2023,-13.666,89.996,90,-0.0001,-0,0,-0.0001,0.017,-0,0,-0,0,-0,90,90,0,0,-0,0,0,0,0,0,0,0,-0,-127.56,-47.256,-4.7414,-6.6835,-8.7565,7.0079,-130.07,58.626,-7.7361,9.2023,-13.666,89.995,90,-0.0001,-0,0,-0.0001,0.0274,-0,0,-0,0,-0,90,90,0,0,-0,0,0,0,0,0,0,0,-0,-127.56,-47.256,-4.7414,-6.6835,-8.7565,7.0079,-130.07,58.626,-7.7361,9.2023,-13.666,89.995,90,-0.0001,-0,0,-0.0001,0.0328,-0,0,-0,0,-0,90,90,0,0,-0,0,0,0,0,0,0,0,-0,-127.56,-47.256,-4.7414,-6.6835,-8.7565,7.1787,-130.07,58.626,-7.7361,9.2023,-13.666,89.994,90,-0.0001,-0,0,-0.0001,0.0348,-0,0,-0,0,-0,90,90,0,0,-0,0,0,0,0,0,0,0,-0,-127.56,-47.256,-4.7414,-6.6835,-8.7565,7.3495,-130.07,58.626,-7.7361,9.2023,-13.666,89.993,90,-0.0001,-0,0,-0.0001,0.0339,-0,0,-0,0,-0,90,90,0,0,-0,0,0,0,0,0,0,0,-0,-127.56,-47.256,-4.7414,-6.6835,-8.7565,7.3495,-130.07,58.626,-7.7361,9.2023,-13.7,89.992,90,-0.0001,-0,0,-0.0001,0.0403,-0,0,-0,0,-0,90,90,0,0,-0,0,0,0,0,0,0,0,-0,-127.56,-47.256,-4.7414,-6.6835,-8.7565,7.6911,-130.07,58.626,-7.7361,9.2023,-13.7,89.991,90,-0.0001,-0,0,-0.0001,0.0264,-0,0,-0,0,-0,90,90,0,0,-0,0,0,0,0,0,0,0,-0,-127.56,-47.256,-4.7414,-6.6835,-8.7565,8.0337,-130.07,58.797,-7.7361,9.2023,-13.7,89.991,90,-0.0001,-0,0,-0.0001,0.0174,-0,0,-0,0,-0,90,90,0,0,-0,0,0,0,0,0,0,0,-0,-127.56,-47.256,-4.7414,-6.6835,-8.7565,8.0337,-130.07,58.797,-7.7361,9.2023,-13.7,89.99,90,-0.0001,-0,0,-0.0001,0.013,-0,0,-0,0,-0,90,90,0,0,-0,0,0,0,0,0,0,0,-0,-127.56,-47.256,-4.7414,-6.6835,-8.7565,0,1
7.5203,-129.9,58.626,-7.6688,9.2023,-13.666,89.996,90,0,-0.0003,0,-0.0001,-0.0025,-0,0,-0.0067,0,-0,90,90,0,0,-0,0,-0.0148,0,-0,-0,0,-0,-0.7081,-127.56,-47.256,-4.7414,-6.6835,-8.7565,7.0079,-129.9,58.626,-7.7361,9.2023,-13.666,89.996,90,-0.0001,-0,0,-0.0001,0.0193,-0,0,-0,0,-0,90,90,0,0,-0,0,0,0,0,0,0,0,-0,-127.56,-47.256,-4.7414,-6.6835,-8.7565,7.1787,-129.9,58.626,-7.7361,9.2023,-13.666,89.996,90,-0.0001,-0,0,-0.0001,0.017,-0,0,-0,0,-0,90,90,0,0,-0,0,0,0,0,0,0,0,-0,-127.56,-47.256,-4.7414,-6.6835,-8.7565,7.0079,-130.07,58.626,-7.7361,9.2023,-13.666,89.995,90,-0.0001,-0,0,-0.0001,0.0274,-0,0,-0,0,-0,90,90,0,0,-0,0,0,0,0,0,0,0,-0,-127.56,-47.256,-4.7414,-6.6835,-8.7565,7.0079,-130.07,58.626,-7.7361,9.2023,-13.666,89.995,90,-0.0001,-0,0,-0.0001,0.0328,-0,0,-0,0,-0,90,90,0,0,-0,0,0,0,0,0,0,0,-0,-127.56,-47.256,-4.7414,-6.6835,-8.7565,7.1787,-130.07,58.626,-7.7361,9.2023,-13.666,89.994,90,-0.0001,-0,0,-0.0001,0.0348,-0,0,-0,0,-0,90,90,0,0,-0,0,0,0,0,0,0,0,-0,-127.56,-47.256,-4.7414,-6.6835,-8.7565,7.3495,-130.07,58.626,-7.7361,9.2023,-13.666,89.993,90,-0.0001,-0,0,-0.0001,0.0339,-0,0,-0,0,-0,90,90,0,0,-0,0,0,0,0,0,0,0,-0,-127.56,-47.256,-4.7414,-6.6835,-8.7565,7.3495,-130.07,58.626,-7.7361,9.2023,-13.7,89.992,90,-0.0001,-0,0,-0.0001,0.0403,-0,0,-0,0,-0,90,90,0,0,-0,0,0,0,0,0,0,0,-0,-127.56,-47.256,-4.7414,-6.6835,-8.7565,7.6911,-130.07,58.626,-7.7361,9.2023,-13.7,89.991,90,-0.0001,-0,0,-0.0001,0.0264,-0,0,-0,0,-0,90,90,0,0,-0,0,0,0,0,0,0,0,-0,-127.56,-47.256,-4.7414,-6.6835,-8.7565,8.0337,-130.07,58.797,-7.7361,9.2023,-13.7,89.991,90,-0.0001,-0,0,-0.0001,0.0174,-0,0,-0,0,-0,90,90,0,0,-0,0,0,0,0,0,0,0,-0,-127.56,-47.256,-4.7414,-6.6835,-8.7565,0,1
11.623,-130.07,58.626,-7.4978,9.1681,-13.633,89.995,90,0,-0.0009,-0.0001,-0.0004,-0.1999,0.0037,0,-0,0,-0.0006,89.999,90,0,0,-0,0,-0.1331,0,-0,-0,0,-0,-2.7284,-127.56,-47.256,-4.7414,-6.6835,-8.7565,7.5203,-129.9,58.626,-7.6688,9.2023,-13.666,89.996,90,0,-0.0003,0,-0.0001,-0.0025,-0,0,-0.0067,0,-0,90,90,0,0,-0,0,-0.0148,0,-0,-0,0,-0,-0.7081,-127.56,-47.256,-4.7414,-6.6835,-8.7565,7.0079,-129.9,58.626,-7.7361,9.2023,-13.666,89.996,90,-0.0001,-0,0,-0.0001,0.0193,-0,0,-0,0,-0,90,90,0,0,-0,0,0,0,0,0,0,0,-0,-127.56,-47.256,-4.7414,-6.6835,-8.7565,7.1787,-129.9,58.626,-7.7361,9.2023,-13.666,89.996,90,-0.0001,-0,0,-0.0001,0.017,-0,0,-0,0,-0,90,90,0,0,-0,0,0,0,0,0,0,0,-0,-127.56,-47.256,-4.7414,-6.6835,-8.7565,7.0079,-130.07,58.626,-7.7361,9.2023,-13.666,89.995,90,-0.0001,-0,0,-0.0001,0.0274,-0,0,-0,0,-0,90,90,0,0,-0,0,0,0,0,0,0,0,-0,-127.56,-47.256,-4.7414,-6.6835,-8.7565,7.0079,-130.07,58.626,-7.7361,9.2023,-13.666,89.995,90,-0.0001,-0,0,-0.0001,0.0328,-0,0,-0,0,-0,90,90,0,0,-0,0,0,0,0,0,0,0,-0,-127.56,-47.256,-4.7414,-6.6835,-8.7565,7.1787,-130.07,58.626,-7.7361,9.2023,-13.666,89.994,90,-0.0001,-0,0,-0.0001,0.0348,-0,0,-0,0,-0,90,90,0,0,-0,0,0,0,0,0,0,0,-0,-127.56,-47.256,-4.7414,-6.6835,-8.7565,7.3495,-130.07,58.626,-7.7361,9.2023,-13.666,89.993,90,-0.0001,-0,0,-0.0001,0.0339,-0,0,-0,0,-0,90,90,0,0,-0,0,0,0,0,0,0,0,-0,-127.56,-47.256,-4.7414,-6.6835,-8.7565,7.3495,-130.07,58.626,-7.7361,9.2023,-13.7,89.992,90,-0.0001,-0,0,-0.0001,0.0403,-0,0,-0,0,-0,90,90,0,0,-0,0,0,0,0,0,0,0,-0,-127.56,-47.256,-4.7414,-6.6835,-8.7565,7.6911,-130.07,58.626,-7.7361,9.2023,-13.7,89.991,90,-0.0001,-0,0,-0.0001,0.0264,-0,0,-0,0,-0,90,90,0,0,-0,0,0,0,0,0,0,0,-0,-127.56,-47.256,-4.7414,-6.6835,-8.7565,0,1
12.99,-129.9,58.626,-7.4636,9.2023,-13.666,89.992,90,0.0001,-0.0007,0,-0.0001,-0.386,-0.0004,0,0.0031,0,0.0034,89.997,90,0,0,-0,0,-0.3692,0,-0,-0,0,-0,-4.7378,-127.56,-47.256,-4.7414,-6.6835,-8.7564,11.623,-130.07,58.626,-7.4978,9.1681,-13.633,89.995,90,0,-0.0009,-0.0001,-0.0004,-0.1999,0.0037,0,-0,0,-0.0006,89.999,90,0,0,-0,0,-0.1331,0,-0,-0,0,-0,-2.7284,-127.56,-47.256,-4.7414,-6.6835,-8.7565,7.5203,-129.9,58.626,-7.6688,9.2023,-13.666,89.996,90,0,-0.0003,0,-0.0001,-0.0025,-0,0,-0.0067,0,-0,90,90,0,0,-0,0,-0.0148,0,-0,-0,0,-0,-0.7081,-127.56,-47.256,-4.7414,-6.6835,-8.7565,7.0079,-129.9,58.626,-7.7361,9.2023,-13.666,89.996,90,-0.0001,-0,0,-0.0001,0.0193,-0,0,-0,0,-0,90,90,0,0,-0,0,0,0,0,0,0,0,-0,-127.56,-47.256,-4.7414,-6.6835,-8.7565,7.1787,-129.9,58.626,-7.7361,9.2023,-13.666,89.996,90,-0.0001,-0,0,-0.0001,0.017,-0,0,-0,0,-0,90,90,0,0,-0,0,0,0,0,0,0,0,-0,-127.56,-47.256,-4.7414,-6.6835,-8.7565,7.0079,-130.07,58.626,-7.7361,9.2023,-13.666,89.995,90,-0.0001,-0,0,-0.0001,0.0274,-0,0,-0,0,-0,90,90,0,0,-0,0,0,0,0,0,0,0,-0,-127.56,-47.256,-4.7414,-6.6835,-8.7565,7.0079,-130.07,58.626,-7.7361,9.2023,-13.666,89.995,90,-0.0001,-0,0,-0.0001,0.0328,-0,0,-0,0,-0,90,90,0,0,-0,0,0,0,0,0,0,0,-0,-127.56,-47.256,-4.7414,-6.6835,-8.7565,7.1787,-130.07,58.626,-7.7361,9.2023,-13.666,89.994,90,-0.0001,-0,0,-0.0001,0.0348,-0,0,-0,0,-0,90,90,0,0,-0,0,0,0,0,0,0,0,-0,-127.56,-47.256,-4.7414,-6.6835,-8.7565,7.3495,-130.07,58.626,-7.7361,9.2023,-13.666,89.993,90,-0.0001,-0,0,-0.0001,0.0339,-0,0,-0,0,-0,90,90,0,0,-0,0,0,0,0,0,0,0,-0,-127.56,-47.256,-4.7414,-6.6835,-8.7565,7.3495,-130.07,58.626,-7.7361,9.2023,-13.7,89.992,90,-0.0001,-0,0,-0.0001,0.0403,-0,0,-0,0,-0,90,90,0,0,-0,0,0,0,0,0,0,0,-0,-127.56,-47.256,-4.7414,-6.6835,-8.7565,0,1
15.042,-129.9,58.797,-7.8045,9.2023,-13.7,89.986,90,0.0001,0.0003,0,0.0003,-0.7026,-0,0,0.0225,0,0.0065,89.992,90,0,0,-0,0,-0.7223,0,-0,-0,0,-0,-6.7286,-127.56,-47.256,-4.7413,-6.6835,-8.7564,12.99,-129.9,58.626,-7.4636,9.2023,-13.666,89.992,90,0.0001,-0.0007,0,-0.0001,-0.386,-0.0004,0,0.0031,0,0.0034,89.997,90,0,0,-0,0,-0.3692,0,-0,-0,0,-0,-4.7378,-127.56,-47.256,-4.7414,-6.6835,-8.7564,11.623,-130.07,58.626,-7.4978,9.1681,-13.633,89.995,90,0,-0.0009,-0.0001,-0.0004,-0.1999,0.0037,0,-0,0,-0.0006,89.999,90,0,0,-0,0,-0.1331,0,-0,-0,0,-0,-2.7284,-127.56,-47.256,-4.7414,-6.6835,-8.7565,7.5203,-129.9,58.626,-7.6688,9.2023,-13.666,89.996,90,0,-0.0003,0,-0.0001,-0.0025,-0,0,-0.0067,0,-0,90,90,0,0,-0,0,-0.0148,0,-0,-0,0,-0,-0.7081,-127.56,-47.256,-4.7414,-6.6835,-8.7565,7.0079,-129.9,58.626,-7.7361,9.2023,-13.666,89.996,90,-0.0001,-0,0,-0.0001,0.0193,-0,0,-0,0,-0,90,90,0,0,-0,0,0,0,0,0,0,0,-0,-127.56,-47.256,-4.7414,-6.6835,-8.7565,7.1787,-129.9,58.626,-7.7361,9.2023,-13.666,89.996,90,-0.0001,-0,0,-0.0001,0.017,-0,0,-0,0,-0,90,90,0,0,-0,0,0,0,0,0,0,0,-0,-127.56,-47.256,-4.7414,-6.6835,-8.7565,7.0079,-130.07,58.626,-7.7361,9.2023,-13.666,89.995,90,-0.0001,-0,0,-0.0001,0.0274,-0,0,-0,0,-0,90,90,0,0,-0,0,0,0,0,0,0,0,-0,-127.56,-47.256,-4.7414,-6.6835,-8.7565,7.0079,-130.07,58.626,-7.7361,9.2023,-13.666,89.995,90,-0.0001,-0,0,-0.0001,0.0328,-0,0,-0,0,-0,90,90,0,0,-0,0,0,0,0,0,0,0,-0,-127.56,-47.256,-4.7414,-6.6835,-8.7565,7.1787,-130.07,58.626,-7.7361,9.2023,-13.666,89.994,90,-0.0001,-0,0,-0.0001,0.0348,-0,0,-0,0,-0,90,90,0,0,-0,0,0,0,0,0,0,0,-0,-127.56,-47.256,-4.7414,-6.6835,-8.7565,7.3495,-130.07,58.626,-7.7361,9.2023,-13.666,89.993,90,-0.0001,-0,0,-0.0001,0.0339,-0,0,-0,0,-0,90,90,0,0,-0,0,0,0,0,0,0,0,-0,-127.56,-47.256,-4.7414,-6.6835,-8.7565,0,1
12.99,-130.07,58.797,-7.7703,9.1681,-13.735,89.978,90,0.0002,0.0003,0,0.0004,-0.9602,-0,0,-0,-0.0001,-0,89.982,90,0,0,-0,0,-1.1908,0,-0,-0,0,-0,-8.6928,-127.56,-47.256,-4.7413,-6.6835,-8.7564,15.042,-129.9,58.797,-7.8045,9.2023,-13.7,89.986,90,0.0001,0.0003,0,0.0003,-0.7026,-0,0,0.0225,0,0.0065,89.992,90,0,0,-0,0,-0.7223,0,-0,-0,0,-0,-6.7286,-127.56,-47.256,-4.7413,-6.6835,-8.7564,12.99,-129.9,58.626,-7.4636,9.2023,-13.666,89.992,90,0.0001,-0.0007,0,-0.0001,-0.386,-0.0004,0,0.0031,0,0.0034,89.997,90,0,0,-0,0,-0.3692,0,-0,-0,0,-0,-4.7378,-127.56,-47.256,-4.7414,-6.6835,-8.7564,11.623,-130.07,58.626,-7.4978,9.1681,-13.633,89.995,90,0,-0.0009,-0.0001,-0.0004,-0.1999,0.0037,0,-0,0,-0.0006,89.999,90,0,0,-0,0,-0.1331,0,-0,-0,0,-0,-2.7284,-127.56,-47.256,-4.7414,-6.6835,-8.7565,7.5203,-129.9,58.626,-7.6688,9.2023,-13.666,89.996,90,0,-0.0003,0,-0.0001,-0.0025,-0,0,-0.0067,0,-0,90,90,0,0,-0,0,-0.0148,0,-0,-0,0,-0,-0.7081,-127.56,-47.256,-4.7414,-6.6835,-8.7565,7.0079,-129.9,58.626,-7.7361,9.2023,-13.666,89.996,90,-0.0001,-0,0,-0.0001,0.0193,-0,0,-0,0,-0,90,90,0,0,-0,0,0,0,0,0,0,0,-0,-127.56,-47.256,-4.7414,-6.6835,-8.7565,7.1787,-129.9,58.626,-7.7361,9.2023,-13.666,89.996,90,-0.0001,-0,0,-0.0001,0.017,-0,0,-0,0,-0,90,90,0,0,-0,0,0,0,0,0,0,0,-0,-127.56,-47.256,-4.7414,-6.6835,-8.7565,7.0079,-130.07,58.626,-7.7361,9.2023,-13.666,89.995,90,-0.0001,-0,0,-0.0001,0.0274,-0,0,-0,0,-0,90,90,0,0,-0,0,0,0,0,0,0,0,-0,-127.56,-47.256,-4.7414,-6.6835,-8.7565,7.0079,-130.07,58.626,-7.7361,9.2023,-13.666,89.995,90,-0.0001,-0,0,-0.0001,0.0328,-0,0,-0,0,-0,90,90,0,0,-0,0,0,0,0,0,0,0,-0,-127.56,-47.256,-4.7414,-6.6835,-8.7565,7.1787,-130.07,58.626,-7.7361,9.2023,-13.666,89.994,90,-0.0001,-0,0,-0.0001,0.0348,-0,0,-0,0,-0,90,90,0,0,-0,0,0,0,0,0,0,0,-0,-127.56,-47.256,-4.7414,-6.6835,-8.7565,0,1
7.1787,-130.07,58.797,-7.7019,9.1681,-13.7,89.966,90,0.0002,-0,0,0.0001,-1.2136,-0,0,-0.0018,0,-0.0038,89.967,90,0,0,-0,0,-1.773,0,-0,-0,0,-0,-10.623,-127.56,-47.256,-4.7413,-6.6835,-8.7564,12.99,-130.07,58.797,-7.7703,9.1681,-13.735,89.978,90,0.0002,0.0003,0,0.0004,-0.9602,-0,0,-0,-0.0001,-0,89.982,90,0,0,-0,0,-1.1908,0,-0,-0,0,-0,-8.6928,-127.56,-47.256,-4.7413,-6.6835,-8.7564,15.042,-129.9,58.797,-7.8045,9.2023,-13.7,89.986,90,0.0001,0.0003,0,0.0003,-0.7026,-0,0,0.0225,0,0.0065,89.992,90,0,0,-0,0,-0.7223,0,-0,-0,0,-0,-6.7286,-127.56,-47.256,-4.7413,-6.6835,-8.7564,12.99,-129.9,58.626,-7.4636,9.2023,-13.666,89.992,90,0.0001,-0.0007,0,-0.0001,-0.386,-0.0004,0,0.0031,0,0.0034,89.997,90,0,0,-0,0,-0.3692,0,-0,-0,0,-0,-4.7378,-127.56,-47.256,-4.7414,-6.6835,-8.7564,11.623,-130.07,58.626,-7.4978,9.1681,-13.633,89.995,90,0,-0.0009,-0.0001,-0.0004,-0.1999,0.0037,0,-0,0,-0.0006,89.999,90,0,0,-0,0,-0.1331,0,-0,-0,0,-0,-2.7284,-127.56,-47.256,-4.7414,-6.6835,-8.7565,7.5203,-129.9,58.626,-7.6688,9.2023,-13.666,89.996,90,0,-0.0003,0,-0.0001,-0.0025,-0,0,-0.0067,0,-0,90,90,0,0,-0,0,-0.0148,0,-0,-0,0,-0,-0.7081,-127.56,-47.256,-4.7414,-6.6835,-8.7565,7.0079,-129.9,58.626,-7.7361,9.2023,-13.666,89.996,90,-0.0001,-0,0,-0.0001,0.0193,-0,0,-0,0,-0,90,90,0,0,-0,0,0,0,0,0,0,0,-0,-127.56,-47.256,-4.7414,-6.6835,-8.7565,7.1787,-129.9,58.626,-7.7361,9.2023,-13.666,89.996,90,-0.0001,-0,0,-0.0001,0.017,-0,0,-0,0,-0,90,90,0,0,-0,0,0,0,0,0,0,0,-0,-127.56,-47.256,-4.7414,-6.6835,-8.7565,7.0079,-130.07,58.626,-7.7361,9.2023,-13.666,89.995,90,-0.0001,-0,0,-0.0001,0.0274,-0,0,-0,0,-0,90,90,0,0,-0,0,0,0,0,0,0,0,-0,-127.56,-47.256,-4.7414,-6.6835,-8.7565,7.0079,-130.07,58.626,-7.7361,9.2023,-13.666,89.995,90,-0.0001,-0,0,-0.0001,0.0328,-0,0,-0,0,-0,90,90,0,0,-0,0,0,0,0,0,0,0,-0,-127.56,-47.256,-4.7414,-6.6835,-8.7565,0,1
-1.8798,-129.9,58.797,-7.7019,9.1681,-13.735,89.952,90,0.0002,-0.0001,0,0.0003,-1.5024,-0.0014,0,-0,0,0.0012,89.946,90,0,0,-0,0,-2.4665,0,-0,-0,0,-0,-12.511,-127.56,-47.256,-4.7412,-6.6835,-8.7563,7.1787,-130.07,58.797,-7.7019,9.1681,-13.7,89.966,90,0.0002,-0,0,0.0001,-1.2136,-0,0,-0.0018,0,-0.0038,89.967,90,0,0,-0,0,-1.773,0,-0,-0,0,-0,-10.623,-127.56,-47.256,-4.7413,-6.6835,-8.7564,12.99,-130.07,58.797,-7.7703,9.1681,-13.735,89.978,90,0.0002,0.0003,0,0.0004,-0.9602,-0,0,-0,-0.0001,-0,89.982,90,0,0,-0,0,-1.1908,0,-0,-0,0,-0,-8.6928,-127.56,-47.256,-4.7413,-6.6835,-8.7564,15.042,-129.9,58.797,-7.8045,9.2023,-13.7,89.986,90,0.0001,0.0003,0,0.0003,-0.7026,-0,0,0.0225,0,0.0065,89.992,90,0,0,-0,0,-0.7223,0,-0,-0,0,-0,-6.7286,-127.56,-47.256,-4.7413,-6.6835,-8.7564,12.99,-129.9,58.626,-7.4636,9.2023,-13.666,89.992,90,0.0001,-0.0007,0,-0.0001,-0.386,-0.0004,0,0.0031,0,0.0034,89.997,90,0,0,-0,0,-0.3692,0,-0,-0,0,-0,-4.7378,-127.56,-47.256,-4.7414,-6.6835,-8.7564,11.623,-130.07,58.626,-7.4978,9.1681,-13.633,89.995,90,0,-0.0009,-0.0001,-0.0004,-0.1999,0.0037,0,-0,0,-0.0006,89.999,90,0,0,-0,0,-0.1331,0,-0,-0,0,-0,-2.7284,-127.56,-47.256,-4.7414,-6.6835,-8.7565,7.5203,-129.9,58.626,-7.6688,9.2023,-13.666,89.996,90,0,-0.0003,0,-0.0001,-0.0025,-0,0,-0.0067,0,-0,90,90,0,0,-0,0,-0.0148,0,-0,-0,0,-0,-0.7081,-127.56,-47.256,-4.7414,-6.6835,-8.7565,7.0079,-129.9,58.626,-7.7361,9.2023,-13.666,89.996,90,-0.0001,-0,0,-0.0001,0.0193,-0,0,-0,0,-0,90,90,0,0,-0,0,0,0,0,0,0,0,-0,-127.56,-47.256,-4.7414,-6.6835,-8.7565,7.1787,-129.9,58.626,-7.7361,9.2023,-13.666,89.996,90,-0.0001,-0,0,-0.0001,0.017,-0,0,-0,0,-0,90,90,0,0,-0,0,0,0,0,0,0,0,-0,-127.56,-47.256,-4.7414,-6.6835,-8.7565,7.0079,-130.07,58.626,-7.7361,9.2023,-13.666,89.995,90,-0.0001,-0,0,-0.0001,0.0274,-0,0,-0,0,-0,90,90,0,0,-0,0,0,0,0,0,0,0,-0,-127.56,-47.256,-4.7414,-6.6835,-8.7565,0,1
-10.255,-129.9,58.797,-7.7019,9.1681,-13.735,89.934,90,0.0001,-0,0,0.0003,-2.03,-0,0,-0,0,-0,89.918,90,0,0,-0,0,-3.2687,0,-0,-0,0,-0,-14.349,-127.56,-47.256,-4.7412,-6.6835,-8.7563,-1.8798,-129.9,58.797,-7.7019,9.1681,-13.735,89.952,90,0.0002,-0.0001,0,0.0003,-1.5024,-0.0014,0,-0,0,0.0012,89.946,90,0,0,-0,0,-2.4665,0,-0,-0,0,-0,-12.511,-127.56,-47.256,-4.7412,-6.6835,-8.7563,7.1787,-130.07,58.797,-7.7019,9.1681,-13.7,89.966,90,0.0002,-0,0,0.0001,-1.2136,-0,0,-0.0018,0,-0.0038,89.967,90,0,0,-0,0,-1.773,0,-0,-0,0,-0,-10.623,-127.56,-47.256,-4.7413,-6.6835,-8.7564,12.99,-130.07,58.797,-7.7703,9.1681,-13.735,89.978,90,0.0002,0.0003,0,0.0004,-0.9602,-0,0,-0,-0.0001,-0,89.982,90,0,0,-0,0,-1.1908,0,-0,-0,0,-0,-8.6928,-127.56,-47.256,-4.7413,-6.6835,-8.7564,15.042,-129.9,58.797,-7.8045,9.2023,-13.7,89.986,90,0.0001,0.0003,0,0.0003,-0.7026,-0,0,0.0225,0,0.0065,89.992,90,0,0,-0,0,-0.7223,0,-0,-0,0,-0,-6.7286,-127.56,-47.256,-4.7413,-6.6835,-8.7564,12.99,-129.9,58.626,-7.4636,9.2023,-13.666,89.992,90,0.0001,-0.0007,0,-0.0001,-0.386,-0.0004,0,0.0031,0,0.0034,89.997,90,0,0,-0,0,-0.3692,0,-0,-0,0,-0,-4.7378,-127.56,-47.256,-4.7414,-6.6835,-8.7564,11.623,-130.07,58.626,-7.4978,9.1681,-13.633,89.995,90,0,-0.0009,-0.0001,-0.0004,-0.1999,0.0037,0,-0,0,-0.0006,89.999,90,0,0,-0,0,-0.1331,0,-0,-0,0,-0,-2.7284,-127.56,-47.256,-4.7414,-6.6835,-8.7565,7.5203,-129.9,58.626,-7.6688,9.2023,-13.666,89.996,90,0,-0.0003,0,-0.0001,-0.0025,-0,0,-0.0067,0,-0,90,90,0,0,-0,0,-0.0148,0,-0,-0,0,-0,-0.7081,-127.56,-47.256,-4.7414,-6.6835,-8.7565,7.0079,-129.9,58.626,-7.7361,9.2023,-13.666,89.996,90,-0.0001,-0,0,-0.0001,0.0193,-0,0,-0,0,-0,90,90,0,0,-0,0,0,0,0,0,0,0,-0,-127.56,-47.256,-4.7414,-6.6835,-8.7565,7.1787,-129.9,58.626,-7.7361,9.2023,-13.666,89.996,90,-0.0001,-0,0,-0.0001,0.017,-0,0,-0,0,-0,90,90,0,0,-0,0,0,0,0,0,0,0,-0,-127.56,-47.256,-4.7414,-6.6835,-8.7565,0,1
-30.937,-129.9,59.309,-6.3052,9.0997,-13.735,84.181,90,0.0006,-0.0016,-0.0001,-0,-44.924,-0,0,-0,0,-0,83.925,90,0,0,-0,0,-45.74,0,-0,-0,0,-0,-27.564,-127.56,-47.256,-4.7409,-6.6835,-8.756,-10.255,-129.9,58.797,-7.7019,9.1681,-13.735,89.934,90,0.0001,-0,0,0.0003,-2.03,-0,0,-0,0,-0,89.918,90,0,0,-0,0,-3.2687,0,-0,-0,0,-0,-14.349,-127.56,-47.256,-4.7412,-6.6835,-8.7563,-1.8798,-129.9,58.797,-7.7019,9.1681,-13.735,89.952,90,0.0002,-0.0001,0,0.0003,-1.5024,-0.0014,0,-0,0,0.0012,89.946,90,0,0,-0,0,-2.4665,0,-0,-0,0,-0,-12.511,-127.56,-47.256,-4.7412,-6.6835,-8.7563,7.1787,-130.07,58.797,-7.7019,9.1681,-13.7,89.966,90,0.0002,-0,0,0.0001,-1.2136,-0,0,-0.0018,0,-0.0038,89.967,90,0,0,-0,0,-1.773,0,-0,-0,0,-0,-10.623,-127.56,-47.256,-4.7413,-6.6835,-8.7564,12.99,-130.07,58.797,-7.7703,9.1681,-13.735,89.978,90,0.0002,0.0003,0,0.0004,-0.9602,-0,0,-0,-0.0001,-0,89.982,90,0,0,-0,0,-1.1908,0,-0,-0,0,-0,-8.6928,-127.56,-47.256,-4.7413,-6.6835,-8.7564,15.042,-129.9,58.797,-7.8045,9.2023,-13.7,89.986,90,0.0001,0.0003,0,0.0003,-0.7026,-0,0,0.0225,0,0.0065,89.992,90,0,0,-0,0,-0.7223,0,-0,-0,0,-0,-6.7286,-127.56,-47.256,-4.7413,-6.6835,-8.7564,12.99,-129.9,58.626,-7.4636,9.2023,-13.666,89.992,90,0.0001,-0.0007,0,-0.0001,-0.386,-0.0004,0,0.0031,0,0.0034,89.997,90,0,0,-0,0,-0.3692,0,-0,-0,0,-0,-4.7378,-127.56,-47.256,-4.7414,-6.6835,-8.7564,11.623,-130.07,58.626,-7.4978,9.1681,-13.633,89.995,90,0,-0.0009,-0.0001,-0.0004,-0.1999,0.0037,0,-0,0,-0.0006,89.999,90,0,0,-0,0,-0.1331,0,-0,-0,0,-0,-2.7284,-127.56,-47.256,-4.7414,-6.6835,-8.7565,7.5203,-129.9,58.626,-7.6688,9.2023,-13.666,89.996,90,0,-0.0003,0,-0.0001,-0.0025,-0,0,-0.0067,0,-0,90,90,0,0,-0,0,-0.0148,0,-0,-0,0,-0,-0.7081,-127.56,-47.256,-4.7414,-6.6835,-8.7565,7.0079,-129.9,58.626,-7.7361,9.2023,-13.666,89.996,90,-0.0001,-0,0,-0.0001,0.0193,-0,0,-0,0,-0,90,90,0,0,-0,0,0,0,0,0,0,0,-0,-127.56,-47.256,-4.7414,-6.6835,-8.7565,1,0
-2.7348,-129.9,59.823,-5.5207,9.0655,-13.769,78.964,90,0.0011,-0.0016,-0.0001,-0,-57.566,-0.0014,0,-0,0,-0,78.677,90,0,0,-0,0,-57.733,0,-0,-0,0,-0,-12.511,-127.56,-47.256,-4.741,-6.6836,-8.7562,-30.937,-129.9,59.309,-6.3052,9.0997,-13.735,84.181,90,0.0006,-0.0016,-0.0001,-0,-44.924,-0,0,-0,0,-0,83.925,90,0,0,-0,0,-45.74,0,-0,-0,0,-0,-27.564,-127.56,-47.256,-4.7409,-6.6835,-8.756,-10.255,-129.9,58.797,-7.7019,9.1681,-13.735,89.934,90,0.0001,-0,0,0.0003,-2.03,-0,0,-0,0,-0,89.918,90,0,0,-0,0,-3.2687,0,-0,-0,0,-0,-14.349,-127.56,-47.256,-4.7412,-6.6835,-8.7563,-1.8798,-129.9,58.797,-7.7019,9.1681,-13.735,89.952,90,0.0002,-0.0001,0,0.0003,-1.5024,-0.0014,0,-0,0,0.0012,89.946,90,0,0,-0,0,-2.4665,0,-0,-0,0,-0,-12.511,-127.56,-47.256,-4.7412,-6.6835,-8.7563,7.1787,-130.07,58.797,-7.7019,9.1681,-13.7,89.966,90,0.0002,-0,0,0.0001,-1.2136,-0,0,-0.0018,0,-0.0038,89.967,90,0,0,-0,0,-1.773,0,-0,-0,0,-0,-10.623,-127.56,-47.256,-4.7413,-6.6835,-8.7564,12.99,-130.07,58.797,-7.7703,9.1681,-13.735,89.978,90,0.0002,0.0003,0,0.0004,-0.9602,-0,0,-0,-0.0001,-0,89.982,90,0,0,-0,0,-1.1908,0,-0,-0,0,-0,-8.6928,-127.56,-47.256,-4.7413,-6.6835,-8.7564,15.042,-129.9,58.797,-7.8045,9.2023,-13.7,89.986,90,0.0001,0.0003,0,0.0003,-0.7026,-0,0,0.0225,0,0.0065,89.992,90,0,0,-0,0,-0.7223,0,-0,-0,0,-0,-6.7286,-127.56,-47.256,-4.7413,-6.6835,-8.7564,12.99,-129.9,58.626,-7.4636,9.2023,-13.666,89.992,90,0.0001,-0.0007,0,-0.0001,-0.386,-0.0004,0,0.0031,0,0.0034,89.997,90,0,0,-0,0,-0.3692,0,-0,-0,0,-0,-4.7378,-127.56,-47.256,-4.7414,-6.6835,-8.7564,11.623,-130.07,58.626,-7.4978,9.1681,-13.633,89.995,90,0,-0.0009,-0.0001,-0.0004,-0.1999,0.0037,0,-0,0,-0.0006,89.999,90,0,0,-0,0,-0.1331,0,-0,-0,0,-0,-2.7284,-127.56,-47.256,-4.7414,-6.6835,-8.7565,7.5203,-129.9,58.626,-7.6688,9.2023,-13.666,89.996,90,0,-0.0003,0,-0.0001,-0.0025,-0,0,-0.0067,0,-0,90,90,0,0,-0,0,-0.0148,0,-0,-0,0,-0,-0.7081,-127.56,-47.256,-4.7414,-6.6835,-8.7565,1,0
-19.315,-129.9,58.797,-7.6688,9.1681,-13.735,89.91,89.999,0,-0.0001,0,0.0001,-2.7052,-0,0,-0.0016,0,-0,89.88,90,0,0,-0,0,-4.1763,0,-0,-0,0,-0,-16.131,-127.56,-47.256,-4.7412,-6.6835,-8.7563,-2.7348,-129.9,59.823,-5.5207,9.0655,-13.769,78.964,90,0.0011,-0.0016,-0.0001,-0,-57.566,-0.0014,0,-0,0,-0,78.677,90,0,0,-0,0,-57.733,0,-0,-0,0,-0,-12.511,-127.56,-47.256,-4.741,-6.6836,-8.7562,-30.937,-129.9,59.309,-6.3052,9.0997,-13.735,84.181,90,0.0006,-0.0016,-0.0001,-0,-44.924,-0,0,-0,0,-0,83.925,90,0,0,-0,0,-45.74,0,-0,-0,0,-0,-27.564,-127.56,-47.256,-4.7409,-6.6835,-8.756,-10.255,-129.9,58.797,-7.7019,9.1681,-13.735,89.934,90,0.0001,-0,0,0.0003,-2.03,-0,0,-0,0,-0,89.918,90,0,0,-0,0,-3.2687,0,-0,-0,0,-0,-14.349,-127.56,-47.256,-4.7412,-6.6835,-8.7563,-1.8798,-129.9,58.797,-7.7019,9.1681,-13.735,89.952,90,0.0002,-0.0001,0,0.0003,-1.5024,-0.0014,0,-0,0,0.0012,89.946,90,0,0,-0,0,-2.4665,0,-0,-0,0,-0,-12.511,-127.56,-47.256,-4.7412,-6.6835,-8.7563,7.1787,-130.07,58.797,-7.7019,9.1681,-13.7,89.966,90,0.0002,-0,0,0.0001,-1.2136,-0,0,-0.0018,0,-0.0038,89.967,90,0,0,-0,0,-1.773,0,-0,-0,0,-0,-10.623,-127.56,-47.256,-4.7413,-6.6835,-8.7564,12.99,-130.07,58.797,-7.7703,9.1681,-13.735,89.978,90,0.0002,0.0003,0,0.0004,-0.9602,-0,0,-0,-0.0001,-0,89.982,90,0,0,-0,0,-1.1908,0,-0,-0,0,-0,-8.6928,-127.56,-47.256,-4.7413,-6.6835,-8.7564,15.042,-129.9,58.797,-7.8045,9.2023,-13.7,89.986,90,0.0001,0.0003,0,0.0003,-0.7026,-0,0,0.0225,0,0.0065,89.992,90,0,0,-0,0,-0.7223,0,-0,-0,0,-0,-6.7286,-127.56,-47.256,-4.7413,-6.6835,-8.7564,12.99,-129.9,58.626,-7.4636,9.2023,-13.666,89.992,90,0.0001,-0.0007,0,-0.0001,-0.386,-0.0004,0,0.0031,0,0.0034,89.997,90,0,0,-0,0,-0.3692,0,-0,-0,0,-0,-4.7378,-127.56,-47.256,-4.7414,-6.6835,-8.7564,11.623,-130.07,58.626,-7.4978,9.1681,-13.633,89.995,90,0,-0.0009,-0.0001,-0.0004,-0.1999,0.0037,0,-0,0,-0.0006,89.999,90,0,0,-0,0,-0.1331,0,-0,-0,0,-0,-2.7284,-127.56,-47.256,-4.7414,-6.6835,-8.7565,0,1
-30.253,-129.73,58.797,-7.4978,9.1681,-13.7,89.878,89.999,-0.0001,-0.0007,-0.0001,-0,-3.455,-0,-0.0014,-0.0135,0,-0,89.834,90,0,0,-0,0,-5.1859,0,-0,-0,0,-0,-17.85,-127.56,-47.256,-4.7411,-6.6835,-8.7562,-19.315,-129.9,58.797,-7.6688,9.1681,-13.735,89.91,89.999,0,-0.0001,0,0.0001,-2.7052,-0,0,-0.0016,0,-0,89.88,90,0,0,-0,0,-4.1763,0,-0,-0,0,-0,-16.131,-127.56,-47.256,-4.7412,-6.6835,-8.7563,-2.7348,-129.9,59.823,-5.5207,9.0655,-13.769,78.964,90,0.0011,-0.0016,-0.0001,-0,-57.566,-0.0014,0,-0,0,-0,78.677,90,0,0,-0,0,-57.733,0,-0,-0,0,-0,-12.511,-127.56,-47.256,-4.741,-6.6836,-8.7562,-30.937,-129.9,59.309,-6.3052,9.0997,-13.735,84.181,90,0.0006,-0.0016,-0.0001,-0,-44.924,-0,0,-0,0,-0,83.925,90,0,0,-0,0,-45.74,0,-0,-0,0,-0,-27.564,-127.56,-47.256,-4.7409,-6.6835,-8.756,-10.255,-129.9,58.797,-7.7019,9.1681,-13.735,89.934,90,0.0001,-0,0,0.0003,-2.03,-0,0,-0,0,-0,89.918,90,0,0,-0,0,-3.2687,0,-0,-0,0,-0,-14.349,-127.56,-47.256,-4.7412,-6.6835,-8.7563,-1.8798,-129.9,58.797,-7.7019,9.1681,-13.735,89.952,90,0.0002,-0.0001,0,0.0003,-1.5024,-0.0014,0,-0,0,0.0012,89.946,90,0,0,-0,0,-2.4665,0,-0,-0,0,-0,-12.511,-127.56,-47.256,-4.7412,-6.6835,-8.7563,7.1787,-130.07,58.797,-7.7019,9.1681,-13.7,89.966,90,0.0002,-0,0,0.0001,-1.2136,-0,0,-0.0018,0,-0.0038,89.967,90,0,0,-0,0,-1.773,0,-0,-0,0,-0,-10.623,-127.56,-47.256,-4.7413,-6.6835,-8.7564,12.99,-130.07,58.797,-7.7703,9.1681,-13.735,89.978,90,0.0002,0.0003,0,0.0004,-0.9602,-0,0,-0,-0.0001,-0,89.982,90,0,0,-0,0,-1.1908,0,-0,-0,0,-0,-8.6928,-127.56,-47.256,-4.7413,-6.6835,-8.7564,15.042,-129.9,58.797,-7.8045,9.2023,-13.7,89.986,90,0.0001,0.0003,0,0.0003,-0.7026,-0,0,0.0225,0,0.0065,89.992,90,0,0,-0,0,-0.7223,0,-0,-0,0,-0,-6.7286,-127.56,-47.256,-4.7413,-6.6835,-8.7564,12.99,-129.9,58.626,-7.4636,9.2023,-13.666,89.992,90,0.0001,-0.0007,0,-0.0001,-0.386,-0.0004,0,0.0031,0,0.0034,89.997,90,0,0,-0,0,-0.3692,0,-0,-0,0,-0,-4.7378,-127.56,-47.256,-4.7414,-6.6835,-8.7564,0,1
-41.876,-129.73,58.797,-7.3952,9.1339,-13.7,89.839,89.999,-0.0001,-0.0012,-0.0001,-0.0001,-4.3479,-0,0,-0.0004,0,-0,89.776,90,0,0,-0,0,-6.2933,0,-0,-0,0,-0,-19.497,-127.56,-47.256,-4.7411,-6.6835,-8.7562,-30.253,-129.73,58.797,-7.4978,9.1681,-13.7,89.878,89.999,-0.0001,-0.0007,-0.0001,-0,-3.455,-0,-0.0014,-0.0135,0,-0,89.834,90,0,0,-0,0,-5.1859,0,-0,-0,0,-0,-17.85,-127.56,-47.256,-4.7411,-6.6835,-8.7562,-19.315,-129.9,58.797,-7.6688,9.1681,-13.735,89.91,89.999,0,-0.0001,0,0.0001,-2.7052,-0,0,-0.0016,0,-0,89.88,90,0,0,-0,0,-4.1763,0,-0,-0,0,-0,-16.131,-127.56,-47.256,-4.7412,-6.6835,-8.7563,-2.7348,-129.9,59.823,-5.5207,9.0655,-13.769,78.964,90,0.0011,-0.0016,-0.0001,-0,-57.566,-0.0014,0,-0,0,-0,78.677,90,0,0,-0,0,-57.733,0,-0,-0,0,-0,-12.511,-127.56,-47.256,-4.741,-6.6836,-8.7562,-30.937,-129.9,59.309,-6.3052,9.0997,-13.735,84.181,90,0.0006,-0.0016,-0.0001,-0,-44.924,-0,0,-0,0,-0,83.925,90,0,0,-0,0,-45.74,0,-0,-0,0,-0,-27.564,-127.56,-47.256,-4.7409,-6.6835,-8.756,-10.255,-129.9,58.797,-7.7019,9.1681,-13.735,89.934,90,0.0001,-0,0,0.0003,-2.03,-0,0,-0,0,-0,89.918,90,0,0,-0,0,-3.2687,0,-0,-0,0,-0,-14.349,-127.56,-47.256,-4.7412,-6.6835,-8.7563,-1.8798,-129.9,58.797,-7.7019,9.1681,-13.735,89.952,90,0.0002,-0.0001,0,0.0003,-1.5024,-0.0014,0,-0,0,0.0012,89.946,90,0,0,-0,0,-2.4665,0,-0,-0,0,-0,-12.511,-127.56,-47.256,-4.7412,-6.6835,-8.7563,7.1787,-130.07,58.797,-7.7019,9.1681,-13.7,89.966,90,0.0002,-0,0,0.0001,-1.2136,-0,0,-0.0018,0,-0.0038,89.967,90,0,0,-0,0,-1.773,0,-0,-0,0,-0,-10.623,-127.56,-47.256,-4.7413,-6.6835,-8.7564,12.99,-130.07,58.797,-7.7703,9.1681,-13.735,89.978,90,0.0002,0.0003,0,0.0004,-0.9602,-0,0,-0,-0.0001,-0,89.982,90,0,0,-0,0,-1.1908,0,-0,-0,0,-0,-8.6928,-127.56,-47.256,-4.7413,-6.6835,-8.7564,15.042,-129.9,58.797,-7.8045,9.2023,-13.7,89.986,90,0.0001,0.0003,0,0.0003,-0.7026,-0,0,0.0225,0,0.0065,89.992,90,0,0,-0,0,-0.7223,0,-0,-0,0,-0,-6.7286,-127.56,-47.256,-4.7413,-6.6835,-8.7564,0,1
-50.935,-129.73,58.797,-7.3279,9.1339,-13.7,89.788,89.999,0,-0.001,-0.0001,-0,-5.465,0.0009,0,-0,0,0.0006,89.708,90,0,0,-0,0,-7.4942,0,-0,-0,0,-0,-21.068,-127.56,-47.256,-4.7411,-6.6835,-8.7561,-41.876,-129.73,58.797,-7.3952,9.1339,-13.7,89.839,89.999,-0.0001,-0.0012,-0.0001,-0.0001,-4.3479,-0,0,-0.0004,0,-0,89.776,90,0,0,-0,0,-6.2933,0,-0,-0,0,-0,-19.497,-127.56,-47.256,-4.7411,-6.6835,-8.7562,-30.253,-129.73,58.797,-7.4978,9.1681,-13.7,89.878,89.999,-0.0001,-0.0007,-0.0001,-0,-3.455,-0,-0.0014,-0.0135,0,-0,89.834,90,0,0,-0,0,-5.1859,0,-0,-0,0,-0,-17.85,-127.56,-47.256,-4.7411,-6.6835,-8.7562,-19.315,-129.9,58.797,-7.6688,9.1681,-13.735,89.91,89.999,0,-0.0001,0,0.0001,-2.7052,-0,0,-0.0016,0,-0,89.88,90,0,0,-0,0,-4.1763,0,-0,-0,0,-0,-16.131,-127.56,-47.256,-4.7412,-6.6835,-8.7563,-2.7348,-129.9,59.823,-5.5207,9.0655,-13.769,78.964,90,0.0011,-0.0016,-0.0001,-0,-57.566,-0.0014,0,-0,0,-0,78.677,90,0,0,-0,0,-57.733,0,-0,-0,0,-0,-12.511,-127.56,-47.256,-4.741,-6.6836,-8.7562,-30.937,-129.9,59.309,-6.3052,9.0997,-13.735,84.181,90,0.0006,-0.0016,-0.0001,-0,-44.924,-0,0,-0,0,-0,83.925,90,0,0,-0,0,-45.74,0,-0,-0,0,-0,-27.564,-127.56,-47.256,-4.7409,-6.6835,-8.756,-10.255,-129.9,58.797,-7.7019,9.1681,-13.735,89.934,90,0.0001,-0,0,0.0003,-2.03,-0,0,-0,0,-0,89.918,90,0,0,-0,0,-3.2687,0,-0,-0,0,-0,-14.349,-127.56,-47.256,-4.7412,-6.6835,-8.7563,-1.8798,-129.9,58.797,-7.7019,9.1681,-13.735,89.952,90,0.0002,-0.0001,0,0.0003,-1.5024,-0.0014,0,-0,0,0.0012,89.946,90,0,0,-0,0,-2.4665,0,-0,-0,0,-0,-12.511,-127.56,-47.256,-4.7412,-6.6835,-8.7563,7.1787,-130.07,58.797,-7.7019,9.1681,-13.7,89.966,90,0.0002,-0,0,0.0001,-1.2136,-0,0,-0.0018,0,-0.0038,89.967,90,0,0,-0,0,-1.773,0,-0,-0,0,-0,-10.623,-127.56,-47.256,-4.7413,-6.6835,-8.7564,12.99,-130.07,58.797,-7.7703,9.1681,-13.735,89.978,90,0.0002,0.0003,0,0.0004,-0.9602,-0,0,-0,-0.0001,-0,89.982,90,0,0,-0,0,-1.1908,0,-0,-0,0,-0,-8.6928,-127.56,-47.256,-4.7413,-6.6835,-8.7564,0,1
-46.319,-129.73,58.797,-7.2595,9.1339,-13.7,89.724,90,0.0001,-0.001,0,-0,-7.2574,0.0002,0,-0,0,-0,89.626,90,0,0,-0,0,-8.7839,0,-0,-0,0,-0,-22.556,-127.56,-47.256,-4.741,-6.6835,-8.7561,-50.935,-129.73,58.797,-7.3279,9.1339,-13.7,89.788,89.999,0,-0.001,-0.0001,-0,-5.465,0.0009,0,-0,0,0.0006,89.708,90,0,0,-0,0,-7.4942,0,-0,-0,0,-0,-21.068,-127.56,-47.256,-4.7411,-6.6835,-8.7561,-41.876,-129.73,58.797,-7.3952,9.1339,-13.7,89.839,89.999,-0.0001,-0.0012,-0.0001,-0.0001,-4.3479,-0,0,-0.0004,0,-0,89.776,90,0,0,-0,0,-6.2933,0,-0,-0,0,-0,-19.497,-127.56,-47.256,-4.7411,-6.6835,-8.7562,-30.253,-129.73,58.797,-7.4978,9.1681,-13.7,89.878,89.999,-0.0001,-0.0007,-0.0001,-0,-3.455,-0,-0.0014,-0.0135,0,-0,89.834,90,0,0,-0,0,-5.1859,0,-0,-0,0,-0,-17.85,-127.56,-47.256,-4.7411,-6.6835,-8.7562,-19.315,-129.9,58.797,-7.6688,9.1681,-13.735,89.91,89.999,0,-0.0001,0,0.0001,-2.7052,-0,0,-0.0016,0,-0,89.88,90,0,0,-0,0,-4.1763,0,-0,-0,0,-0,-16.131,-127.56,-47.256,-4.7412,-6.6835,-8.7563,-2.7348,-129.9,59.823,-5.5207,9.0655,-13.769,78.964,90,0.0011,-0.0016,-0.0001,-0,-57.566,-0.0014,0,-0,0,-0,78.677,90,0,0,-0,0,-57.733,0,-0,-0,0,-0,-12.511,-127.56,-47.256,-4.741,-6.6836,-8.7562,-30.937,-129.9,59.309,-6.3052,9.0997,-13.735,84.181,90,0.0006,-0.0016,-0.0001,-0,-44.924,-0,0,-0,0,-0,83.925,90,0,0,-0,0,-45.74,0,-0,-0,0,-0,-27.564,-127.56,-47.256,-4.7409,-6.6835,-8.756,-10.255,-129.9,58.797,-7.7019,9.1681,-13.735,89.934,90,0.0001,-0,0,0.0003,-2.03,-0,0,-0,0,-0,89.918,90,0,0,-0,0,-3.2687,0,-0,-0,0,-0,-14.349,-127.56,-47.256,-4.7412,-6.6835,-8.7563,-1.8798,-129.9,58.797,-7.7019,9.1681,-13.735,89.952,90,0.0002,-0.0001,0,0.0003,-1.5024,-0.0014,0,-0,0,0.0012,89.946,90,0,0,-0,0,-2.4665,0,-0,-0,0,-0,-12.511,-127.56,-47.256,-4.7412,-6.6835,-8.7563,7.1787,-130.07,58.797,-7.7019,9.1681,-13.7,89.966,90,0.0002,-0,0,0.0001,-1.2136,-0,0,-0.0018,0,-0.0038,89.967,90,0,0,-0,0,-1.773,0,-0,-0,0,-0,-10.623,-127.56,-47.256,-4.7413,-6.6835,-8.7564,0,1
-48.371,-129.9,58.797,-7.1911,9.1339,-13.7,89.644,90,0.0004,-0.001,0,-0,-8.7836,-0,0,-0,0,-0,89.532,90,0,0,-0,0,-10.157,0,-0,-0,0,-0,-23.955,-127.56,-47.256,-4.741,-6.6835,-8.7561,-46.319,-129.73,58.797,-7.2595,9.1339,-13.7,89.724,90,0.0001,-0.001,0,-0,-7.2574,0.0002,0,-0,0,-0,89.626,90,0,0,-0,0,-8.7839,0,-0,-0,0,-0,-22.556,-127.56,-47.256,-4.741,-6.6835,-8.7561,-50.935,-129.73,58.797,-7.3279,9.1339,-13.7,89.788,89.999,0,-0.001,-0.0001,-0,-5.465,0.0009,0,-0,0,0.0006,89.708,90,0,0,-0,0,-7.4942,0,-0,-0,0,-0,-21.068,-127.56,-47.256,-4.7411,-6.6835,-8.7561,-41.876,-129.73,58.797,-7.3952,9.1339,-13.7,89.839,89.999,-0.0001,-0.0012,-0.0001,-0.0001,-4.3479,-0,0,-0.0004,0,-0,89.776,90,0,0,-0,0,-6.2933,0,-0,-0,0,-0,-19.497,-127.56,-47.256,-4.7411,-6.6835,-8.7562,-30.253,-129.73,58.797,-7.4978,9.1681,-13.7,89.878,89.999,-0.0001,-0.0007,-0.0001,-0,-3.455,-0,-0.0014,-0.0135,0,-0,89.834,90,0,0,-0,0,-5.1859,0,-0,-0,0,-0,-17.85,-127.56,-47.256,-4.7411,-6.6835,-8.7562,-19.315,-129.9,58.797,-7.6688,9.1681,-13.735,89.91,89.999,0,-0.0001,0,0.0001,-2.7052,-0,0,-0.0016,0,-0,89.88,90,0,0,-0,0,-4.1763,0,-0,-0,0,-0,-16.131,-127.56,-47.256,-4.7412,-6.6835,-8.7563,-2.7348,-129.9,59.823,-5.5207,9.0655,-13.769,78.964,90,0.0011,-0.0016,-0.0001,-0,-57.566,-0.0014,0,-0,0,-0,78.677,90,0,0,-0,0,-57.733,0,-0,-0,0,-0,-12.511,-127.56,-47.256,-4.741,-6.6836,-8.7562,-30.937,-129.9,59.309,-6.3052,9.0997,-13.735,84.181,90,0.0006,-0.0016,-0.0001,-0,-44.924,-0,0,-0,0,-0,83.925,90,0,0,-0,0,-45.74,0,-0,-0,0,-0,-27.564,-127.56,-47.256,-4.7409,-6.6835,-8.756,-10.255,-129.9,58.797,-7.7019,9.1681,-13.735,89.934,90,0.0001,-0,0,0.0003,-2.03,-0,0,-0,0,-0,89.918,90,0,0,-0,0,-3.2687,0,-0,-0,0,-0,-14.349,-127.56,-47.256,-4.7412,-6.6835,-8.7563,-1.8798,-129.9,58.797,-7.7019,9.1681,-13.735,89.952,90,0.0002,-0.0001,0,0.0003,-1.5024,-0.0014,0,-0,0,0.0012,89.946,90,0,0,-0,0,-2.4665,0,-0,-0,0,-0,-12.511,-127.56,-47.256,-4.7412,-6.6835,-8.7563,0,1
-50.08,-129.9,58.968,-7.1569,9.1339,-13.7,89.547,90,0.0007,-0.001,0,0.0001,-10.324,-0,0.006,-0,0,0.0003,89.423,90,0,0,-0,0,-11.609,0,-0,-0,0,-0,-25.259,-127.56,-47.256,-4.741,-6.6835,-8.7561,-48.371,-129.9,58.797,-7.1911,9.1339,-13.7,89.644,90,0.0004,-0.001,0,-0,-8.7836,-0,0,-0,0,-0,89.532,90,0,0,-0,0,-10.157,0,-0,-0,0,-0,-23.955,-127.56,-47.256,-4.741,-6.6835,-8.7561,-46.319,-129.73,58.797,-7.2595,9.1339,-13.7,89.724,90,0.0001,-0.001,0,-0,-7.2574,0.0002,0,-0,0,-0,89.626,90,0,0,-0,0,-8.7839,0,-0,-0,0,-0,-22.556,-127.56,-47.256,-4.741,-6.6835,-8.7561,-50.935,-129.73,58.797,-7.3279,9.1339,-13.7,89.788,89.999,0,-0.001,-0.0001,-0,-5.465,0.0009,0,-0,0,0.0006,89.708,90,0,0,-0,0,-7.4942,0,-0,-0,0,-0,-21.068,-127.56,-47.256,-4.7411,-6.6835,-8.7561,-41.876,-129.73,58.797,-7.3952,9.1339,-13.7,89.839,89.999,-0.0001,-0.0012,-0.0001,-0.0001,-4.3479,-0,0,-0.0004,0,-0,89.776,90,0,0,-0,0,-6.2933,0,-0,-0,0,-0,-19.497,-127.56,-47.256,-4.7411,-6.6835,-8.7562,-30.253,-129.73,58.797,-7.4978,9.1681,-13.7,89.878,89.999,-0.0001,-0.0007,-0.0001,-0,-3.455,-0,-0.0014,-0.0135,0,-0,89.834,90,0,0,-0,0,-5.1859,0,-0,-0,0,-0,-17.85,-127.56,-47.256,-4.7411,-6.6835,-8.7562,-19.315,-129.9,58.797,-7.6688,9.1681,-13.735,89.91,89.999,0,-0.0001,0,0.0001,-2.7052,-0,0,-0.0016,0,-0,89.88,90,0,0,-0,0,-4.1763,0,-0,-0,0,-0,-16.131,-127.56,-47.256,-4.7412,-6.6835,-8.7563,-2.7348,-129.9,59.823,-5.5207,9.0655,-13.769,78.964,90,0.0011,-0.0016,-0.0001,-0,-57.566,-0.0014,0,-0,0,-0,78.677,90,0,0,-0,0,-57.733,0,-0,-0,0,-0,-12.511,-127.56,-47.256,-4.741,-6.6836,-8.7562,-30.937,-129.9,59.309,-6.3052,9.0997,-13.735,84.181,90,0.0006,-0.0016,-0.0001,-0,-44.924,-0,0,-0,0,-0,83.925,90,0,0,-0,0,-45.74,0,-0,-0,0,-0,-27.564,-127.56,-47.256,-4.7409,-6.6835,-8.756,-10.255,-129.9,58.797,-7.7019,9.1681,-13.735,89.934,90,0.0001,-0,0,0.0003,-2.03,-0,0,-0,0,-0,89.918,90,0,0,-0,0,-3.2687,0,-0,-0,0,-0,-14.349,-127.56,-47.256,-4.7412,-6.6835,-8.7563,0,1
-41.363,-130.07,58.968,-7.0885,9.1681,-13.735,89.432,90,0.0008,-0.0009,0,0.0001,-12.305,-0,0.0001,-0,0,-0,89.299,90,0,0,-0,0,-13.133,0,-0,-0,0,-0,-26.464,-127.56,-47.256,-4.7409,-6.6835,-8.756,-50.08,-129.9,58.968,-7.1569,9.1339,-13.7,89.547,90,0.0007,-0.001,0,0.0001,-10.324,-0,0.006,-0,0,0.0003,89.423,90,0,0,-0,0,-11.609,0,-0,-0,0,-0,-25.259,-127.56,-47.256,-4.741,-6.6835,-8.7561,-48.371,-129.9,58.797,-7.1911,9.1339,-13.7,89.644,90,0.0004,-0.001,0,-0,-8.7836,-0,0,-0,0,-0,89.532,90,0,0,-0,0,-10.157,0,-0,-0,0,-0,-23.955,-127.56,-47.256,-4.741,-6.6835,-8.7561,-46.319,-129.73,58.797,-7.2595,9.1339,-13.7,89.724,90,0.0001,-0.001,0,-0,-7.2574,0.0002,0,-0,0,-0,89.626,90,0,0,-0,0,-8.7839,0,-0,-0,0,-0,-22.556,-127.56,-47.256,-4.741,-6.6835,-8.7561,-50.935,-129.73,58.797,-7.3279,9.1339,-13.7,89.788,89.999,0,-0.001,-0.0001,-0,-5.465,0.0009,0,-0,0,0.0006,89.708,90,0,0,-0,0,-7.4942,0,-0,-0,0,-0,-21.068,-127.56,-47.256,-4.7411,-6.6835,-8.7561,-41.876,-129.73,58.797,-7.3952,9.1339,-13.7,89.839,89.999,-0.0001,-0.0012,-0.0001,-0.0001,-4.3479,-0,0,-0.0004,0,-0,89.776,90,0,0,-0,0,-6.2933,0,-0,-0,0,-0,-19.497,-127.56,-47.256,-4.7411,-6.6835,-8.7562,-30.253,-129.73,58.797,-7.4978,9.1681,-13.7,89.878,89.999,-0.0001,-0.0007,-0.0001,-0,-3.455,-0,-0.0014,-0.0135,0,-0,89.834,90,0,0,-0,0,-5.1859,0,-0,-0,0,-0,-17.85,-127.56,-47.256,-4.7411,-6.6835,-8.7562,-19.315,-129.9,58.797,-7.6688,9.1681,-13.735,89.91,89.999,0,-0.0001,0,0.0001,-2.7052,-0,0,-0.0016,0,-0,89.88,90,0,0,-0,0,-4.1763,0,-0,-0,0,-0,-16.131,-127.56,-47.256,-4.7412,-6.6835,-8.7563,-2.7348,-129.9,59.823,-5.5207,9.0655,-13.769,78.964,90,0.0011,-0.0016,-0.0001,-0,-57.566,-0.0014,0,-0,0,-0,78.677,90,0,0,-0,0,-57.733,0,-0,-0,0,-0,-12.511,-127.56,-47.256,-4.741,-6.6836,-8.7562,-30.937,-129.9,59.309,-6.3052,9.0997,-13.735,84.181,90,0.0006,-0.0016,-0.0001,-0,-44.924,-0,0,-0,0,-0,83.925,90,0,0,-0,0,-45.74,0,-0,-0,0,-0,-27.564,-127.56,-47.256,-4.7409,-6.6835,-8.756,0,1
-39.141,-129.9,58.968,-7.0554,9.1681,-13.735,89.298,90,0.0008,-0.0009,0,0.0001,-13.986,-0,0,-0,0,-0,89.16,90,0,0,-0,0,-14.724,0,-0,-0,0,-0,-27.564,-127.56,-47.256,-4.7409,-6.6835,-8.756,-41.363,-130.07,58.968,-7.0885,9.1681,-13.735,89.432,90,0.0008,-0.0009,0,0.0001,-12.305,-0,0.0001,-0,0,-0,89.299,90,0,0,-0,0,-13.133,0,-0,-0,0,-0,-26.464,-127.56,-47.256,-4.7409,-6.6835,-8.756,-50.08,-129.9,58.968,-7.1569,9.1339,-13.7,89.547,90,0.0007,-0.001,0,0.0001,-10.324,-0,0.006,-0,0,0.0003,89.423,90,0,0,-0,0,-11.609,0,-0,-0,0,-0,-25.259,-127.56,-47.256,-4.741,-6.6835,-8.7561,-48.371,-129.9,58.797,-7.1911,9.1339,-13.7,89.644,90,0.0004,-0.001,0,-0,-8.7836,-0,0,-0,0,-0,89.532,90,0,0,-0,0,-10.157,0,-0,-0,0,-0,-23.955,-127.56,-47.256,-4.741,-6.6835,-8.7561,-46.319,-129.73,58.797,-7.2595,9.1339,-13.7,89.724,90,0.0001,-0.001,0,-0,-7.2574,0.0002,0,-0,0,-0,89.626,90,0,0,-0,0,-8.7839,0,-0,-0,0,-0,-22.556,-127.56,-47.256,-4.741,-6.6835,-8.7561,-50.935,-129.73,58.797,-7.3279,9.1339,-13.7,89.788,89.999,0,-0.001,-0.0001,-0,-5.465,0.0009,0,-0,0,0.0006,89.708,90,0,0,-0,0,-7.4942,0,-0,-0,0,-0,-21.068,-127.56,-47.256,-4.7411,-6.6835,-8.7561,-41.876,-129.73,58.797,-7.3952,9.1339,-13.7,89.839,89.999,-0.0001,-0.0012,-0.0001,-0.0001,-4.3479,-0,0,-0.0004,0,-0,89.776,90,0,0,-0,0,-6.2933,0,-0,-0,0,-0,-19.497,-127.56,-47.256,-4.7411,-6.6835,-8.7562,-30.253,-129.73,58.797,-7.4978,9.1681,-13.7,89.878,89.999,-0.0001,-0.0007,-0.0001,-0,-3.455,-0,-0.0014,-0.0135,0,-0,89.834,90,0,0,-0,0,-5.1859,0,-0,-0,0,-0,-17.85,-127.56,-47.256,-4.7411,-6.6835,-8.7562,-19.315,-129.9,58.797,-7.6688,9.1681,-13.735,89.91,89.999,0,-0.0001,0,0.0001,-2.7052,-0,0,-0.0016,0,-0,89.88,90,0,0,-0,0,-4.1763,0,-0,-0,0,-0,-16.131,-127.56,-47.256,-4.7412,-6.6835,-8.7563,-2.7348,-129.9,59.823,-5.5207,9.0655,-13.769,78.964,90,0.0011,-0.0016,-0.0001,-0,-57.566,-0.0014,0,-0,0,-0,78.677,90,0,0,-0,0,-57.733,0,-0,-0,0,-0,-12.511,-127.56,-47.256,-4.741,-6.6836,-8.7562,0,1
-39.311,-129.9,58.968,-7.0212,9.1681,-13.735,89.148,90,0.0007,-0.0009,0,0.0001,-15.588,-0.0004,0,-0,0,-0,89.005,90,0,0,-0,0,-16.375,0,-0,-0,0,-0,-28.555,-127.56,-47.256,-4.7409,-6.6835,-8.756,-39.141,-129.9,58.968,-7.0554,9.1681,-13.735,89.298,90,0.0008,-0.0009,0,0.0001,-13.986,-0,0,-0,0,-0,89.16,90,0,0,-0,0,-14.724,0,-0,-0,0,-0,-27.564,-127.56,-47.256,-4.7409,-6.6835,-8.756,-41.363,-130.07,58.968,-7.0885,9.1681,-13.735,89.432,90,0.0008,-0.0009,0,0.0001,-12.305,-0,0.0001,-0,0,-0,89.299,90,0,0,-0,0,-13.133,0,-0,-0,0,-0,-26.464,-127.56,-47.256,-4.7409,-6.6835,-8.756,-50.08,-129.9,58.968,-7.1569,9.1339,-13.7,89.547,90,0.0007,-0.001,0,0.0001,-10.324,-0,0.006,-0,0,0.0003,89.423,90,0,0,-0,0,-11.609,0,-0,-0,0,-0,-25.259,-127.56,-47.256,-4.741,-6.6835,-8.7561,-48.371,-129.9,58.797,-7.1911,9.1339,-13.7,89.644,90,0.0004,-0.001,0,-0,-8.7836,-0,0,-0,0,-0,89.532,90,0,0,-0,0,-10.157,0,-0,-0,0,-0,-23.955,-127.56,-47.256,-4.741,-6.6835,-8.7561,-46.319,-129.73,58.797,-7.2595,9.1339,-13.7,89.724,90,0.0001,-0.001,0,-0,-7.2574,0.0002,0,-0,0,-0,89.626,90,0,0,-0,0,-8.7839,0,-0,-0,0,-0,-22.556,-127.56,-47.256,-4.741,-6.6835,-8.7561,-50.935,-129.73,58.797,-7.3279,9.1339,-13.7,89.788,89.999,0,-0.001,-0.0001,-0,-5.465,0.0009,0,-0,0,0.0006,89.708,90,0,0,-0,0,-7.4942,0,-0,-0,0,-0,-21.068,-127.56,-47.256,-4.7411,-6.6835,-8.7561,-41.876,-129.73,58.797,-7.3952,9.1339,-13.7,89.839,89.999,-0.0001,-0.0012,-0.0001,-0.0001,-4.3479,-0,0,-0.0004,0,-0,89.776,90,0,0,-0,0,-6.2933,0,-0,-0,0,-0,-19.497,-127.56,-47.256,-4.7411,-6.6835,-8.7562,-30.253,-129.73,58.797,-7.4978,9.1681,-13.7,89.878,89.999,-0.0001,-0.0007,-0.0001,-0,-3.455,-0,-0.0014,-0.0135,0,-0,89.834,90,0,0,-0,0,-5.1859,0,-0,-0,0,-0,-17.85,-127.56,-47.256,-4.7411,-6.6835,-8.7562,-19.315,-129.9,58.797,-7.6688,9.1681,-13.735,89.91,89.999,0,-0.0001,0,0.0001,-2.7052,-0,0,-0.0016,0,-0,89.88,90,0,0,-0,0,-4.1763,0,-0,-0,0,-0,-16.131,-127.56,-47.256,-4.7412,-6.6835,-8.7563,0,1
-43.072,-129.9,59.139,-6.9528,9.1681,-13.735,88.982,90,0.0006,-0.0009,0,0.0001,-17.1,-0,0,-0,0,-0,88.832,90,0,0,-0,0,-18.079,0,-0,-0,0,-0,-29.434,-127.56,-47.256,-4.7409,-6.6835,-8.756,-39.311,-129.9,58.968,-7.0212,9.1681,-13.735,89.148,90,0.0007,-0.0009,0,0.0001,-15.588,-0.0004,0,-0,0,-0,89.005,90,0,0,-0,0,-16.375,0,-0,-0,0,-0,-28.555,-127.56,-47.256,-4.7409,-6.6835,-8.756,-39.141,-129.9,58.968,-7.0554,9.1681,-13.735,89.298,90,0.0008,-0.0009,0,0.0001,-13.986,-0,0,-0,0,-0,89.16,90,0,0,-0,0,-14.724,0,-0,-0,0,-0,-27.564,-127.56,-47.256,-4.7409,-6.6835,-8.756,-41.363,-130.07,58.968,-7.0885,9.1681,-13.735,89.432,90,0.0008,-0.0009,0,0.0001,-12.305,-0,0.0001,-0,0,-0,89.299,90,0,0,-0,0,-13.133,0,-0,-0,0,-0,-26.464,-127.56,-47.256,-4.7409,-6.6835,-8.756,-50.08,-129.9,58.968,-7.1569,9.1339,-13.7,89.547,90,0.0007,-0.001,0,0.0001,-10.324,-0,0.006,-0,0,0.0003,89.423,90,0,0,-0,0,-11.609,0,-0,-0,0,-0,-25.259,-127.56,-47.256,-4.741,-6.6835,-8.7561,-48.371,-129.9,58.797,-7.1911,9.1339,-13.7,89.644,90,0.0004,-0.001,0,-0,-8.7836,-0,0,-0,0,-0,89.532,90,0,0,-0,0,-10.157,0,-0,-0,0,-0,-23.955,-127.56,-47.256,-4.741,-6.6835,-8.7561,-46.319,-129.73,58.797,-7.2595,9.1339,-13.7,89.724,90,0.0001,-0.001,0,-0,-7.2574,0.0002,0,-0,0,-0,89.626,90,0,0,-0,0,-8.7839,0,-0,-0,0,-0,-22.556,-127.56,-47.256,-4.741,-6.6835,-8.7561,-50.935,-129.73,58.797,-7.3279,9.1339,-13.7,89.788,89.999,0,-0.001,-0.0001,-0,-5.465,0.0009,0,-0,0,0.0006,89.708,90,0,0,-0,0,-7.4942,0,-0,-0,0,-0,-21.068,-127.56,-47.256,-4.7411,-6.6835,-8.7561,-41.876,-129.73,58.797,-7.3952,9.1339,-13.7,89.839,89.999,-0.0001,-0.0012,-0.0001,-0.0001,-4.3479,-0,0,-0.0004,0,-0,89.776,90,0,0,-0,0,-6.2933,0,-0,-0,0,-0,-19.497,-127.56,-47.256,-4.7411,-6.6835,-8.7562,-30.253,-129.73,58.797,-7.4978,9.1681,-13.7,89.878,89.999,-0.0001,-0.0007,-0.0001,-0,-3.455,-0,-0.0014,-0.0135,0,-0,89.834,90,0,0,-0,0,-5.1859,0,-0,-0,0,-0,-17.85,-127.56,-47.256,-4.7411,-6.6835,-8.7562,0,1
-43.414,-129.73,58.968,-6.9186,9.1339,-13.735,88.799,90,0.0005,-0.001,-0.0001,-0,-18.805,-0.0057,-0.0017,-0,-0.0001,-0,88.643,90,0,0,-0,0,-19.831,0,-0,-0,0,-0,-30.196,-127.56,-47.256,-4.7407,-6.6835,-8.7558,-43.072,-129.9,59.139,-6.9528,9.1681,-13.735,88.982,90,0.0006,-0.0009,0,0.0001,-17.1,-0,0,-0,0,-0,88.832,90,0,0,-0,0,-18.079,0,-0,-0,0,-0,-29.434,-127.56,-47.256,-4.7409,-6.6835,-8.756,-39.311,-129.9,58.968,-7.0212,9.1681,-13.735,89.148,90,0.0007,-0.0009,0,0.0001,-15.588,-0.0004,0,-0,0,-0,89.005,90,0,0,-0,0,-16.375,0,-0,-0,0,-0,-28.555,-127.56,-47.256,-4.7409,-6.6835,-8.756,-39.141,-129.9,58.968,-7.0554,9.1681,-13.735,89.298,90,0.0008,-0.0009,0,0.0001,-13.986,-0,0,-0,0,-0,89.16,90,0,0,-0,0,-14.724,0,-0,-0,0,-0,-27.564,-127.56,-47.256,-4.7409,-6.6835,-8.756,-41.363,-130.07,58.968,-7.0885,9.1681,-13.735,89.432,90,0.0008,-0.0009,0,0.0001,-12.305,-0,0.0001,-0,0,-0,89.299,90,0,0,-0,0,-13.133,0,-0,-0,0,-0,-26.464,-127.56,-47.256,-4.7409,-6.6835,-8.756,-50.08,-129.9,58.968,-7.1569,9.1339,-13.7,89.547,90,0.0007,-0.001,0,0.0001,-10.324,-0,0.006,-0,0,0.0003,89.423,90,0,0,-0,0,-11.609,0,-0,-0,0,-0,-25.259,-127.56,-47.256,-4.741,-6.6835,-8.7561,-48.371,-129.9,58.797,-7.1911,9.1339,-13.7,89.644,90,0.0004,-0.001,0,-0,-8.7836,-0,0,-0,0,-0,89.532,90,0,0,-0,0,-10.157,0,-0,-0,0,-0,-23.955,-127.56,-47.256,-4.741,-6.6835,-8.7561,-46.319,-129.73,58.797,-7.2595,9.1339,-13.7,89.724,90,0.0001,-0.001,0,-0,-7.2574,0.0002,0,-0,0,-0,89.626,90,0,0,-0,0,-8.7839,0,-0,-0,0,-0,-22.556,-127.56,-47.256,-4.741,-6.6835,-8.7561,-50.935,-129.73,58.797,-7.3279,9.1339,-13.7,89.788,89.999,0,-0.001,-0.0001,-0,-5.465,0.0009,0,-0,0,0.0006,89.708,90,0,0,-0,0,-7.4942,0,-0,-0,0,-0,-21.068,-127.56,-47.256,-4.7411,-6.6835,-8.7561,-41.876,-129.73,58.797,-7.3952,9.1339,-13.7,89.839,89.999,-0.0001,-0.0012,-0.0001,-0.0001,-4.3479,-0,0,-0.0004,0,-0,89.776,90,0,0,-0,0,-6.2933,0,-0,-0,0,-0,-19.497,-127.56,-47.256,-4.7411,-6.6835,-8.7562,0,1
-41.363,-129.73,58.968,-6.8502,9.1339,-13.7,88.599,90,0.0002,-0.001,-0.0001,-0.0001,-20.688,-0,-0.0026,-0,0,-0,88.436,90,0,0,-0,0,-21.623,0,-0,-0,0,-0,-30.839,-127.56,-47.256,-4.7409,-6.6835,-8.7559,-43.414,-129.73,58.968,-6.9186,9.1339,-13.735,88.799,90,0.0005,-0.001,-0.0001,-0,-18.805,-0.0057,-0.0017,-0,-0.0001,-0,88.643,90,0,0,-0,0,-19.831,0,-0,-0,0,-0,-30.196,-127.56,-47.256,-4.7407,-6.6835,-8.7558,-43.072,-129.9,59.139,-6.9528,9.1681,-13.735,88.982,90,0.0006,-0.0009,0,0.0001,-17.1,-0,0,-0,0,-0,88.832,90,0,0,-0,0,-18.079,0,-0,-0,0,-0,-29.434,-127.56,-47.256,-4.7409,-6.6835,-8.756,-39.311,-129.9,58.968,-7.0212,9.1681,-13.735,89.148,90,0.0007,-0.0009,0,0.0001,-15.588,-0.0004,0,-0,0,-0,89.005,90,0,0,-0,0,-16.375,0,-0,-0,0,-0,-28.555,-127.56,-47.256,-4.7409,-6.6835,-8.756,-39.141,-129.9,58.968,-7.0554,9.1681,-13.735,89.298,90,0.0008,-0.0009,0,0.0001,-13.986,-0,0,-0,0,-0,89.16,90,0,0,-0,0,-14.724,0,-0,-0,0,-0,-27.564,-127.56,-47.256,-4.7409,-6.6835,-8.756,-41.363,-130.07,58.968,-7.0885,9.1681,-13.735,89.432,90,0.0008,-0.0009,0,0.0001,-12.305,-0,0.0001,-0,0,-0,89.299,90,0,0,-0,0,-13.133,0,-0,-0,0,-0,-26.464,-127.56,-47.256,-4.7409,-6.6835,-8.756,-50.08,-129.9,58.968,-7.1569,9.1339,-13.7,89.547,90,0.0007,-0.001,0,0.0001,-10.324,-0,0.006,-0,0,0.0003,89.423,90,0,0,-0,0,-11.609,0,-0,-0,0,-0,-25.259,-127.56,-47.256,-4.741,-6.6835,-8.7561,-48.371,-129.9,58.797,-7.1911,9.1339,-13.7,89.644,90,0.0004,-0.001,0,-0,-8.7836,-0,0,-0,0,-0,89.532,90,0,0,-0,0,-10.157,0,-0,-0,0,-0,-23.955,-127.56,-47.256,-4.741,-6.6835,-8.7561,-46.319,-129.73,58.797,-7.2595,9.1339,-13.7,89.724,90,0.0001,-0.001,0,-0,-7.2574,0.0002,0,-0,0,-0,89.626,90,0,0,-0,0,-8.7839,0,-0,-0,0,-0,-22.556,-127.56,-47.256,-4.741,-6.6835,-8.7561,-50.935,-129.73,58.797,-7.3279,9.1339,-13.7,89.788,89.999,0,-0.001,-0.0001,-0,-5.465,0.0009,0,-0,0,0.0006,89.708,90,0,0,-0,0,-7.4942,0,-0,-0,0,-0,-21.068,-127.56,-47.256,-4.7411,-6.6835,-8.7561,0,1
-41.363,-129.56,58.968,-6.816,9.0997,-13.7,88.381,89.999,0.0002,-0.0009,-0.0001,-0.0001,-22.495,-0.0039,0,0.0012,0,-0,88.21,90,0,0,-0,0,-23.448,0,-0,-0,0,-0,-31.361,-127.56,-47.256,-4.7408,-6.6835,-8.7559,-41.363,-129.73,58.968,-6.8502,9.1339,-13.7,88.599,90,0.0002,-0.001,-0.0001,-0.0001,-20.688,-0,-0.0026,-0,0,-0,88.436,90,0,0,-0,0,-21.623,0,-0,-0,0,-0,-30.839,-127.56,-47.256,-4.7409,-6.6835,-8.7559,-43.414,-129.73,58.968,-6.9186,9.1339,-13.735,88.799,90,0.0005,-0.001,-0.0001,-0,-18.805,-0.0057,-0.0017,-0,-0.0001,-0,88.643,90,0,0,-0,0,-19.831,0,-0,-0,0,-0,-30.196,-127.56,-47.256,-4.7407,-6.6835,-8.7558,-43.072,-129.9,59.139,-6.9528,9.1681,-13.735,88.982,90,0.0006,-0.0009,0,0.0001,-17.1,-0,0,-0,0,-0,88.832,90,0,0,-0,0,-18.079,0,-0,-0,0,-0,-29.434,-127.56,-47.256,-4.7409,-6.6835,-8.756,-39.311,-129.9,58.968,-7.0212,9.1681,-13.735,89.148,90,0.0007,-0.0009,0,0.0001,-15.588,-0.0004,0,-0,0,-0,89.005,90,0,0,-0,0,-16.375,0,-0,-0,0,-0,-28.555,-127.56,-47.256,-4.7409,-6.6835,-8.756,-39.141,-129.9,58.968,-7.0554,9.1681,-13.735,89.298,90,0.0008,-0.0009,0,0.0001,-13.986,-0,0,-0,0,-0,89.16,90,0,0,-0,0,-14.724,0,-0,-0,0,-0,-27.564,-127.56,-47.256,-4.7409,-6.6835,-8.756,-41.363,-130.07,58.968,-7.0885,9.1681,-13.735,89.432,90,0.0008,-0.0009,0,0.0001,-12.305,-0,0.0001,-0,0,-0,89.299,90,0,0,-0,0,-13.133,0,-0,-0,0,-0,-26.464,-127.56,-47.256,-4.7409,-6.6835,-8.756,-50.08,-129.9,58.968,-7.1569,9.1339,-13.7,89.547,90,0.0007,-0.001,0,0.0001,-10.324,-0,0.006,-0,0,0.0003,89.423,90,0,0,-0,0,-11.609,0,-0,-0,0,-0,-25.259,-127.56,-47.256,-4.741,-6.6835,-8.7561,-48.371,-129.9,58.797,-7.1911,9.1339,-13.7,89.644,90,0.0004,-0.001,0,-0,-8.7836,-0,0,-0,0,-0,89.532,90,0,0,-0,0,-10.157,0,-0,-0,0,-0,-23.955,-127.56,-47.256,-4.741,-6.6835,-8.7561,-46.319,-129.73,58.797,-7.2595,9.1339,-13.7,89.724,90,0.0001,-0.001,0,-0,-7.2574,0.0002,0,-0,0,-0,89.626,90,0,0,-0,0,-8.7839,0,-0,-0,0,-0,-22.556,-127.56,-47.256,-4.741,-6.6835,-8.7561,0,1
-37.261,-129.73,58.968,-6.7818,9.0997,-13.7,88.144,89.999,0.0002,-0.0007,-0.0001,-0,-24.493,-0,0,0.0004,0,-0,87.967,90,0,0,-0,0,-25.299,0,-0,-0,0,-0,-31.759,-127.56,-47.256,-4.7409,-6.6835,-8.756,-41.363,-129.56,58.968,-6.816,9.0997,-13.7,88.381,89.999,0.0002,-0.0009,-0.0001,-0.0001,-22.495,-0.0039,0,0.0012,0,-0,88.21,90,0,0,-0,0,-23.448,0,-0,-0,0,-0,-31.361,-127.56,-47.256,-4.7408,-6.6835,-8.7559,-41.363,-129.73,58.968,-6.8502,9.1339,-13.7,88.599,90,0.0002,-0.001,-0.0001,-0.0001,-20.688,-0,-0.0026,-0,0,-0,88.436,90,0,0,-0,0,-21.623,0,-0,-0,0,-0,-30.839,-127.56,-47.256,-4.7409,-6.6835,-8.7559,-43.414,-129.73,58.968,-6.9186,9.1339,-13.735,88.799,90,0.0005,-0.001,-0.0001,-0,-18.805,-0.0057,-0.0017,-0,-0.0001,-0,88.643,90,0,0,-0,0,-19.831,0,-0,-0,0,-0,-30.196,-127.56,-47.256,-4.7407,-6.6835,-8.7558,-43.072,-129.9,59.139,-6.9528,9.1681,-13.735,88.982,90,0.0006,-0.0009,0,0.0001,-17.1,-0,0,-0,0,-0,88.832,90,0,0,-0,0,-18.079,0,-0,-0,0,-0,-29.434,-127.56,-47.256,-4.7409,-6.6835,-8.756,-39.311,-129.9,58.968,-7.0212,9.1681,-13.735,89.148,90,0.0007,-0.0009,0,0.0001,-15.588,-0.0004,0,-0,0,-0,89.005,90,0,0,-0,0,-16.375,0,-0,-0,0,-0,-28.555,-127.56,-47.256,-4.7409,-6.6835,-8.756,-39.141,-129.9,58.968,-7.0554,9.1681,-13.735,89.298,90,0.0008,-0.0009,0,0.0001,-13.986,-0,0,-0,0,-0,89.16,90,0,0,-0,0,-14.724,0,-0,-0,0,-0,-27.564,-127.56,-47.256,-4.7409,-6.6835,-8.756,-41.363,-130.07,58.968,-7.0885,9.1681,-13.735,89.432,90,0.0008,-0.0009,0,0.0001,-12.305,-0,0.0001,-0,0,-0,89.299,90,0,0,-0,0,-13.133,0,-0,-0,0,-0,-26.464,-127.56,-47.256,-4.7409,-6.6835,-8.756,-50.08,-129.9,58.968,-7.1569,9.1339,-13.7,89.547,90,0.0007,-0.001,0,0.0001,-10.324,-0,0.006,-0,0,0.0003,89.423,90,0,0,-0,0,-11.609,0,-0,-0,0,-0,-25.259,-127.56,-47.256,-4.741,-6.6835,-8.7561,-48.371,-129.9,58.797,-7.1911,9.1339,-13.7,89.644,90,0.0004,-0.001,0,-0,-8.7836,-0,0,-0,0,-0,89.532,90,0,0,-0,0,-10.157,0,-0,-0,0,-0,-23.955,-127.56,-47.256,-4.741,-6.6835,-8.7561,0,1
-31.62,-129.73,58.968,-6.7487,9.0997,-13.7,87.887,89.999,0.0002,-0.0009,-0.0001,-0,-26.548,-0,0,-0.0001,0,-0,87.704,90,0,0,-0,0,-27.168,0,-0,-0,0,-0,-32.031,-127.56,-47.256,-4.7409,-6.6835,-8.756,-37.261,-129.73,58.968,-6.7818,9.0997,-13.7,88.144,89.999,0.0002,-0.0007,-0.0001,-0,-24.493,-0,0,0.0004,0,-0,87.967,90,0,0,-0,0,-25.299,0,-0,-0,0,-0,-31.759,-127.56,-47.256,-4.7409,-6.6835,-8.756,-41.363,-129.56,58.968,-6.816,9.0997,-13.7,88.381,89.999,0.0002,-0.0009,-0.0001,-0.0001,-22.495,-0.0039,0,0.0012,0,-0,88.21,90,0,0,-0,0,-23.448,0,-0,-0,0,-0,-31.361,-127.56,-47.256,-4.7408,-6.6835,-8.7559,-41.363,-129.73,58.968,-6.8502,9.1339,-13.7,88.599,90,0.0002,-0.001,-0.0001,-0.0001,-20.688,-0,-0.0026,-0,0,-0,88.436,90,0,0,-0,0,-21.623,0,-0,-0,0,-0,-30.839,-127.56,-47.256,-4.7409,-6.6835,-8.7559,-43.414,-129.73,58.968,-6.9186,9.1339,-13.735,88.799,90,0.0005,-0.001,-0.0001,-0,-18.805,-0.0057,-0.0017,-0,-0.0001,-0,88.643,90,0,0,-0,0,-19.831,0,-0,-0,0,-0,-30.196,-127.56,-47.256,-4.7407,-6.6835,-8.7558,-43.072,-129.9,59.139,-6.9528,9.1681,-13.735,88.982,90,0.0006,-0.0009,0,0.0001,-17.1,-0,0,-0,0,-0,88.832,90,0,0,-0,0,-18.079,0,-0,-0,0,-0,-29.434,-127.56,-47.256,-4.7409,-6.6835,-8.756,-39.311,-129.9,58.968,-7.0212,9.1681,-13.735,89.148,90,0.0007,-0.0009,0,0.0001,-15.588,-0.0004,0,-0,0,-0,89.005,90,0,0,-0,0,-16.375,0,-0,-0,0,-0,-28.555,-127.56,-47.256,-4.7409,-6.6835,-8.756,-39.141,-129.9,58.968,-7.0554,9.1681,-13.735,89.298,90,0.0008,-0.0009,0,0.0001,-13.986,-0,0,-0,0,-0,89.16,90,0,0,-0,0,-14.724,0,-0,-0,0,-0,-27.564,-127.56,-47.256,-4.7409,-6.6835,-8.756,-41.363,-130.07,58.968,-7.0885,9.1681,-13.735,89.432,90,0.0008,-0.0009,0,0.0001,-12.305,-0,0.0001,-0,0,-0,89.299,90,0,0,-0,0,-13.133,0,-0,-0,0,-0,-26.464,-127.56,-47.256,-4.7409,-6.6835,-8.756,-50.08,-129.9,58.968,-7.1569,9.1339,-13.7,89.547,90,0.0007,-0.001,0,0.0001,-10.324,-0,0.006,-0,0,0.0003,89.423,90,0,0,-0,0,-11.609,0,-0,-0,0,-0,-25.259,-127.56,-47.256,-4.741,-6.6835,-8.7561,0,1
-38.799,-129.73,59.139,-6.7145,9.0997,-13.7,87.612,90,0.0004,-0.0009,-0.0001,-0.0001,-28.045,0.0002,0,-0,0,-0,87.423,90,0,0,-0,0,-29.048,0,-0,-0,0,-0,-32.177,-127.56,-47.256,-4.7409,-6.6835,-8.7559,-31.62,-129.73,58.968,-6.7487,9.0997,-13.7,87.887,89.999,0.0002,-0.0009,-0.0001,-0,-26.548,-0,0,-0.0001,0,-0,87.704,90,0,0,-0,0,-27.168,0,-0,-0,0,-0,-32.031,-127.56,-47.256,-4.7409,-6.6835,-8.756,-37.261,-129.73,58.968,-6.7818,9.0997,-13.7,88.144,89.999,0.0002,-0.0007,-0.0001,-0,-24.493,-0,0,0.0004,0,-0,87.967,90,0,0,-0,0,-25.299,0,-0,-0,0,-0,-31.759,-127.56,-47.256,-4.7409,-6.6835,-8.756,-41.363,-129.56,58.968,-6.816,9.0997,-13.7,88.381,89.999,0.0002,-0.0009,-0.0001,-0.0001,-22.495,-0.0039,0,0.0012,0,-0,88.21,90,0,0,-0,0,-23.448,0,-0,-0,0,-0,-31.361,-127.56,-47.256,-4.7408,-6.6835,-8.7559,-41.363,-129.73,58.968,-6.8502,9.1339,-13.7,88.599,90,0.0002,-0.001,-0.0001,-0.0001,-20.688,-0,-0.0026,-0,0,-0,88.436,90,0,0,-0,0,-21.623,0,-0,-0,0,-0,-30.839,-127.56,-47.256,-4.7409,-6.6835,-8.7559,-43.414,-129.73,58.968,-6.9186,9.1339,-13.735,88.799,90,0.0005,-0.001,-0.0001,-0,-18.805,-0.0057,-0.0017,-0,-0.0001,-0,88.643,90,0,0,-0,0,-19.831,0,-0,-0,0,-0,-30.196,-127.56,-47.256,-4.7407,-6.6835,-8.7558,-43.072,-129.9,59.139,-6.9528,9.1681,-13.735,88.982,90,0.0006,-0.0009,0,0.0001,-17.1,-0,0,-0,0,-0,88.832,90,0,0,-0,0,-18.079,0,-0,-0,0,-0,-29.434,-127.56,-47.256,-4.7409,-6.6835,-8.756,-39.311,-129.9,58.968,-7.0212,9.1681,-13.735,89.148,90,0.0007,-0.0009,0,0.0001,-15.588,-0.0004,0,-0,0,-0,89.005,90,0,0,-0,0,-16.375,0,-0,-0,0,-0,-28.555,-127.56,-47.256,-4.7409,-6.6835,-8.756,-39.141,-129.9,58.968,-7.0554,9.1681,-13.735,89.298,90,0.0008,-0.0009,0,0.0001,-13.986,-0,0,-0,0,-0,89.16,90,0,0,-0,0,-14.724,0,-0,-0,0,-0,-27.564,-127.56,-47.256,-4.7409,-6.6835,-8.756,-41.363,-130.07,58.968,-7.0885,9.1681,-13.735,89.432,90,0.0008,-0.0009,0,0.0001,-12.305,-0,0.0001,-0,0,-0,89.299,90,0,0,-0,0,-13.133,0,-0,-0,0,-0,-26.464,-127.56,-47.256,-4.7409,-6.6835,-8.756,0,1
-41.022,-129.9,59.139,-6.6803,9.0997,-13.7,87.321,90,0.0005,-0.0007,0,-0,-29.829,0.0025,0,-0,0,-0,87.123,90,0,0,-0,0,-30.932,0,-0,-0,0,-0,-32.196,-127.56,-47.256,-4.741,-6.6835,-8.756,-38.799,-129.73,59.139,-6.7145,9.0997,-13.7,87.612,90,0.0004,-0.0009,-0.0001,-0.0001,-28.045,0.0002,0,-0,0,-0,87.423,90,0,0,-0,0,-29.048,0,-0,-0,0,-0,-32.177,-127.56,-47.256,-4.7409,-6.6835,-8.7559,-31.62,-129.73,58.968,-6.7487,9.0997,-13.7,87.887,89.999,0.0002,-0.0009,-0.0001,-0,-26.548,-0,0,-0.0001,0,-0,87.704,90,0,0,-0,0,-27.168,0,-0,-0,0,-0,-32.031,-127.56,-47.256,-4.7409,-6.6835,-8.756,-37.261,-129.73,58.968,-6.7818,9.0997,-13.7,88.144,89.999,0.0002,-0.0007,-0.0001,-0,-24.493,-0,0,0.0004,0,-0,87.967,90,0,0,-0,0,-25.299,0,-0,-0,0,-0,-31.759,-127.56,-47.256,-4.7409,-6.6835,-8.756,-41.363,-129.56,58.968,-6.816,9.0997,-13.7,88.381,89.999,0.0002,-0.0009,-0.0001,-0.0001,-22.495,-0.0039,0,0.0012,0,-0,88.21,90,0,0,-0,0,-23.448,0,-0,-0,0,-0,-31.361,-127.56,-47.256,-4.7408,-6.6835,-8.7559,-41.363,-129.73,58.968,-6.8502,9.1339,-13.7,88.599,90,0.0002,-0.001,-0.0001,-0.0001,-20.688,-0,-0.0026,-0,0,-0,88.436,90,0,0,-0,0,-21.623,0,-0,-0,0,-0,-30.839,-127.56,-47.256,-4.7409,-6.6835,-8.7559,-43.414,-129.73,58.968,-6.9186,9.1339,-13.735,88.799,90,0.0005,-0.001,-0.0001,-0,-18.805,-0.0057,-0.0017,-0,-0.0001,-0,88.643,90,0,0,-0,0,-19.831,0,-0,-0,0,-0,-30.196,-127.56,-47.256,-4.7407,-6.6835,-8.7558,-43.072,-129.9,59.139,-6.9528,9.1681,-13.735,88.982,90,0.0006,-0.0009,0,0.0001,-17.1,-0,0,-0,0,-0,88.832,90,0,0,-0,0,-18.079,0,-0,-0,0,-0,-29.434,-127.56,-47.256,-4.7409,-6.6835,-8.756,-39.311,-129.9,58.968,-7.0212,9.1681,-13.735,89.148,90,0.0007,-0.0009,0,0.0001,-15.588,-0.0004,0,-0,0,-0,89.005,90,0,0,-0,0,-16.375,0,-0,-0,0,-0,-28.555,-127.56,-47.256,-4.7409,-6.6835,-8.756,-39.141,-129.9,58.968,-7.0554,9.1681,-13.735,89.298,90,0.0008,-0.0009,0,0.0001,-13.986,-0,0,-0,0,-0,89.16,90,0,0,-0,0,-14.724,0,-0,-0,0,-0,-27.564,-127.56,-47.256,-4.7409,-6.6835,-8.756,0,1
-45.295,-129.9,59.139,-6.8844,9.0997,-13.735,87.012,90,0.0007,-0,0,0.0003,-31.555,-0,0.0005,0.0166,0,0.0001,86.805,90,0,0,-0,0,-32.812,0,-0,-0,0,-0,-32.088,-127.56,-47.256,-4.7409,-6.6835,-8.756,-41.022,-129.9,59.139,-6.6803,9.0997,-13.7,87.321,90,0.0005,-0.0007,0,-0,-29.829,0.0025,0,-0,0,-0,87.123,90,0,0,-0,0,-30.932,0,-0,-0,0,-0,-32.196,-127.56,-47.256,-4.741,-6.6835,-8.756,-38.799,-129.73,59.139,-6.7145,9.0997,-13.7,87.612,90,0.0004,-0.0009,-0.0001,-0.0001,-28.045,0.0002,0,-0,0,-0,87.423,90,0,0,-0,0,-29.048,0,-0,-0,0,-0,-32.177,-127.56,-47.256,-4.7409,-6.6835,-8.7559,-31.62,-129.73,58.968,-6.7487,9.0997,-13.7,87.887,89.999,0.0002,-0.0009,-0.0001,-0,-26.548,-0,0,-0.0001,0,-0,87.704,90,0,0,-0,0,-27.168,0,-0,-0,0,-0,-32.031,-127.56,-47.256,-4.7409,-6.6835,-8.756,-37.261,-129.73,58.968,-6.7818,9.0997,-13.7,88.144,89.999,0.0002,-0.0007,-0.0001,-0,-24.493,-0,0,0.0004,0,-0,87.967,90,0,0,-0,0,-25.299,0,-0,-0,0,-0,-31.759,-127.56,-47.256,-4.7409,-6.6835,-8.756,-41.363,-129.56,58.968,-6.816,9.0997,-13.7,88.381,89.999,0.0002,-0.0009,-0.0001,-0.0001,-22.495,-0.0039,0,0.0012,0,-0,88.21,90,0,0,-0,0,-23.448,0,-0,-0,0,-0,-31.361,-127.56,-47.256,-4.7408,-6.6835,-8.7559,-41.363,-129.73,58.968,-6.8502,9.1339,-13.7,88.599,90,0.0002,-0.001,-0.0001,-0.0001,-20.688,-0,-0.0026,-0,0,-0,88.436,90,0,0,-0,0,-21.623,0,-0,-0,0,-0,-30.839,-127.56,-47.256,-4.7409,-6.6835,-8.7559,-43.414,-129.73,58.968,-6.9186,9.1339,-13.735,88.799,90,0.0005,-0.001,-0.0001,-0,-18.805,-0.0057,-0.0017,-0,-0.0001,-0,88.643,90,0,0,-0,0,-19.831,0,-0,-0,0,-0,-30.196,-127.56,-47.256,-4.7407,-6.6835,-8.7558,-43.072,-129.9,59.139,-6.9528,9.1681,-13.735,88.982,90,0.0006,-0.0009,0,0.0001,-17.1,-0,0,-0,0,-0,88.832,90,0,0,-0,0,-18.079,0,-0,-0,0,-0,-29.434,-127.56,-47.256,-4.7409,-6.6835,-8.756,-39.311,-129.9,58.968,-7.0212,9.1681,-13.735,89.148,90,0.0007,-0.0009,0,0.0001,-15.588,-0.0004,0,-0,0,-0,89.005,90,0,0,-0,0,-16.375,0,-0,-0,0,-0,-28.555,-127.56,-47.256,-4.7409,-6.6835,-8.756,1,0
-35.893,-129.9,59.139,-6.8844,9.0997,-13.735,86.683,90,0.0007,0.0001,0,0.0004,-33.867,-0,0,-0,0,-0,86.467,90,0,0,-0,0,-34.681,0,-0,-0,0,-0,-31.854,-127.56,-47.257,-4.7409,-6.6836,-8.756,-45.295,-129.9,59.139,-6.8844,9.0997,-13.735,87.012,90,0.0007,-0,0,0.0003,-31.555,-0,0.0005,0.0166,0,0.0001,86.805,90,0,0,-0,0,-32.812,0,-0,-0,0,-0,-32.088,-127.56,-47.256,-4.7409,-6.6835,-8.756,-41.022,-129.9,59.139,-6.6803,9.0997,-13.7,87.321,90,0.0005,-0.0007,0,-0,-29.829,0.0025,0,-0,0,-0,87.123,90,0,0,-0,0,-30.932,0,-0,-0,0,-0,-32.196,-127.56,-47.256,-4.741,-6.6835,-8.756,-38.799,-129.73,59.139,-6.7145,9.0997,-13.7,87.612,90,0.0004,-0.0009,-0.0001,-0.0001,-28.045,0.0002,0,-0,0,-0,87.423,90,0,0,-0,0,-29.048,0,-0,-0,0,-0,-32.177,-127.56,-47.256,-4.7409,-6.6835,-8.7559,-31.62,-129.73,58.968,-6.7487,9.0997,-13.7,87.887,89.999,0.0002,-0.0009,-0.0001,-0,-26.548,-0,0,-0.0001,0,-0,87.704,90,0,0,-0,0,-27.168,0,-0,-0,0,-0,-32.031,-127.56,-47.256,-4.7409,-6.6835,-8.756,-37.261,-129.73,58.968,-6.7818,9.0997,-13.7,88.144,89.999,0.0002,-0.0007,-0.0001,-0,-24.493,-0,0,0.0004,0,-0,87.967,90,0,0,-0,0,-25.299,0,-0,-0,0,-0,-31.759,-127.56,-47.256,-4.7409,-6.6835,-8.756,-41.363,-129.56,58.968,-6.816,9.0997,-13.7,88.381,89.999,0.0002,-0.0009,-0.0001,-0.0001,-22.495,-0.0039,0,0.0012,0,-0,88.21,90,0,0,-0,0,-23.448,0,-0,-0,0,-0,-31.361,-127.56,-47.256,-4.7408,-6.6835,-8.7559,-41.363,-129.73,58.968,-6.8502,9.1339,-13.7,88.599,90,0.0002,-0.001,-0.0001,-0.0001,-20.688,-0,-0.0026,-0,0,-0,88.436,90,0,0,-0,0,-21.623,0,-0,-0,0,-0,-30.839,-127.56,-47.256,-4.7409,-6.6835,-8.7559,-43.414,-129.73,58.968,-6.9186,9.1339,-13.735,88.799,90,0.0005,-0.001,-0.0001,-0,-18.805,-0.0057,-0.0017,-0,-0.0001,-0,88.643,90,0,0,-0,0,-19.831,0,-0,-0,0,-0,-30.196,-127.56,-47.256,-4.7407,-6.6835,-8.7558,-43.072,-129.9,59.139,-6.9528,9.1681,-13.735,88.982,90,0.0006,-0.0009,0,0.0001,-17.1,-0,0,-0,0,-0,88.832,90,0,0,-0,0,-18.079,0,-0,-0,0,-0,-29.434,-127.56,-47.256,-4.7409,-6.6835,-8.756,1,0
-34.014,-129.9,59.139,-6.7145,9.0997,-13.735,86.334,90,0.0007,-0.0004,0,0.0003,-35.771,-0,0,-0.0152,0,-0,86.111,90,0,0,-0,0,-36.532,0,-0,-0,0,-0,-31.493,-127.56,-47.257,-4.7409,-6.6836,-8.756,-35.893,-129.9,59.139,-6.8844,9.0997,-13.735,86.683,90,0.0007,0.0001,0,0.0004,-33.867,-0,0,-0,0,-0,86.467,90,0,0,-0,0,-34.681,0,-0,-0,0,-0,-31.854,-127.56,-47.257,-4.7409,-6.6836,-8.756,-45.295,-129.9,59.139,-6.8844,9.0997,-13.735,87.012,90,0.0007,-0,0,0.0003,-31.555,-0,0.0005,0.0166,0,0.0001,86.805,90,0,0,-0,0,-32.812,0,-0,-0,0,-0,-32.088,-127.56,-47.256,-4.7409,-6.6835,-8.756,-41.022,-129.9,59.139,-6.6803,9.0997,-13.7,87.321,90,0.0005,-0.0007,0,-0,-29.829,0.0025,0,-0,0,-0,87.123,90,0,0,-0,0,-30.932,0,-0,-0,0,-0,-32.196,-127.56,-47.256,-4.741,-6.6835,-8.756,-38.799,-129.73,59.139,-6.7145,9.0997,-13.7,87.612,90,0.0004,-0.0009,-0.0001,-0.0001,-28.045,0.0002,0,-0,0,-0,87.423,90,0,0,-0,0,-29.048,0,-0,-0,0,-0,-32.177,-127.56,-47.256,-4.7409,-6.6835,-8.7559,-31.62,-129.73,58.968,-6.7487,9.0997,-13.7,87.887,89.999,0.0002,-0.0009,-0.0001,-0,-26.548,-0,0,-0.0001,0,-0,87.704,90,0,0,-0,0,-27.168,0,-0,-0,0,-0,-32.031,-127.56,-47.256,-4.7409,-6.6835,-8.756,-37.261,-129.73,58.968,-6.7818,9.0997,-13.7,88.144,89.999,0.0002,-0.0007,-0.0001,-0,-24.493,-0,0,0.0004,0,-0,87.967,90,0,0,-0,0,-25.299,0,-0,-0,0,-0,-31.759,-127.56,-47.256,-4.7409,-6.6835,-8.756,-41.363,-129.56,58.968,-6.816,9.0997,-13.7,88.381,89.999,0.0002,-0.0009,-0.0001,-0.0001,-22.495,-0.0039,0,0.0012,0,-0,88.21,90,0,0,-0,0,-23.448,0,-0,-0,0,-0,-31.361,-127.56,-47.256,-4.7408,-6.6835,-8.7559,-41.363,-129.73,58.968,-6.8502,9.1339,-13.7,88.599,90,0.0002,-0.001,-0.0001,-0.0001,-20.688,-0,-0.0026,-0,0,-0,88.436,90,0,0,-0,0,-21.623,0,-0,-0,0,-0,-30.839,-127.56,-47.256,-4.7409,-6.6835,-8.7559,-43.414,-129.73,58.968,-6.9186,9.1339,-13.735,88.799,90,0.0005,-0.001,-0.0001,-0,-18.805,-0.0057,-0.0017,-0,-0.0001,-0,88.643,90,0,0,-0,0,-19.831,0,-0,-0,0,-0,-30.196,-127.56,-47.256,-4.7407,-6.6835,-8.7558,1,0
-38.799,-129.9,59.309,-6.6803,9.0997,-13.735,85.966,90,0.0007,-0.0009,0,0.0001,-37.35,-0,0,-0,0,-0,85.737,90,0,0,-0,0,-38.357,0,-0,-0,0,-0,-31.009,-127.56,-47.256,-4.7409,-6.6835,-8.7559,-34.014,-129.9,59.139,-6.7145,9.0997,-13.735,86.334,90,0.0007,-0.0004,0,0.0003,-35.771,-0,0,-0.0152,0,-0,86.111,90,0,0,-0,0,-36.532,0,-0,-0,0,-0,-31.493,-127.56,-47.257,-4.7409,-6.6836,-8.756,-35.893,-129.9,59.139,-6.8844,9.0997,-13.735,86.683,90,0.0007,0.0001,0,0.0004,-33.867,-0,0,-0,0,-0,86.467,90,0,0,-0,0,-34.681,0,-0,-0,0,-0,-31.854,-127.56,-47.257,-4.7409,-6.6836,-8.756,-45.295,-129.9,59.139,-6.8844,9.0997,-13.735,87.012,90,0.0007,-0,0,0.0003,-31.555,-0,0.0005,0.0166,0,0.0001,86.805,90,0,0,-0,0,-32.812,0,-0,-0,0,-0,-32.088,-127.56,-47.256,-4.7409,-6.6835,-8.756,-41.022,-129.9,59.139,-6.6803,9.0997,-13.7,87.321,90,0.0005,-0.0007,0,-0,-29.829,0.0025,0,-0,0,-0,87.123,90,0,0,-0,0,-30.932,0,-0,-0,0,-0,-32.196,-127.56,-47.256,-4.741,-6.6835,-8.756,-38.799,-129.73,59.139,-6.7145,9.0997,-13.7,87.612,90,0.0004,-0.0009,-0.0001,-0.0001,-28.045,0.0002,0,-0,0,-0,87.423,90,0,0,-0,0,-29.048,0,-0,-0,0,-0,-32.177,-127.56,-47.256,-4.7409,-6.6835,-8.7559,-31.62,-129.73,58.968,-6.7487,9.0997,-13.7,87.887,89.999,0.0002,-0.0009,-0.0001,-0,-26.548,-0,0,-0.0001,0,-0,87.704,90,0,0,-0,0,-27.168,0,-0,-0,0,-0,-32.031,-127.56,-47.256,-4.7409,-6.6835,-8.756,-37.261,-129.73,58.968,-6.7818,9.0997,-13.7,88.144,89.999,0.0002,-0.0007,-0.0001,-0,-24.493,-0,0,0.0004,0,-0,87.967,90,0,0,-0,0,-25.299,0,-0,-0,0,-0,-31.759,-127.56,-47.256,-4.7409,-6.6835,-8.756,-41.363,-129.56,58.968,-6.816,9.0997,-13.7,88.381,89.999,0.0002,-0.0009,-0.0001,-0.0001,-22.495,-0.0039,0,0.0012,0,-0,88.21,90,0,0,-0,0,-23.448,0,-0,-0,0,-0,-31.361,-127.56,-47.256,-4.7408,-6.6835,-8.7559,-41.363,-129.73,58.968,-6.8502,9.1339,-13.7,88.599,90,0.0002,-0.001,-0.0001,-0.0001,-20.688,-0,-0.0026,-0,0,-0,88.436,90,0,0,-0,0,-21.623,0,-0,-0,0,-0,-30.839,-127.56,-47.256,-4.7409,-6.6835,-8.7559,1,0
-37.945,-129.9,59.309,-6.6119,9.0997,-13.769,85.581,90,0.0007,-0.0009,0,0.0003,-39.175,-0,0,-0,0,0.0007,85.344,90,0,0,-0,0,-40.149,0,-0,-0,0,-0,-30.402,-127.56,-47.256,-4.7409,-6.6835,-8.756,-38.799,-129.9,59.309,-6.6803,9.0997,-13.735,85.966,90,0.0007,-0.0009,0,0.0001,-37.35,-0,0,-0,0,-0,85.737,90,0,0,-0,0,-38.357,0,-0,-0,0,-0,-31.009,-127.56,-47.256,-4.7409,-6.6835,-8.7559,-34.014,-129.9,59.139,-6.7145,9.0997,-13.735,86.334,90,0.0007,-0.0004,0,0.0003,-35.771,-0,0,-0.0152,0,-0,86.111,90,0,0,-0,0,-36.532,0,-0,-0,0,-0,-31.493,-127.56,-47.257,-4.7409,-6.6836,-8.756,-35.893,-129.9,59.139,-6.8844,9.0997,-13.735,86.683,90,0.0007,0.0001,0,0.0004,-33.867,-0,0,-0,0,-0,86.467,90,0,0,-0,0,-34.681,0,-0,-0,0,-0,-31.854,-127.56,-47.257,-4.7409,-6.6836,-8.756,-45.295,-129.9,59.139,-6.8844,9.0997,-13.735,87.012,90,0.0007,-0,0,0.0003,-31.555,-0,0.0005,0.0166,0,0.0001,86.805,90,0,0,-0,0,-32.812,0,-0,-0,0,-0,-32.088,-127.56,-47.256,-4.7409,-6.6835,-8.756,-41.022,-129.9,59.139,-6.6803,9.0997,-13.7,87.321,90,0.0005,-0.0007,0,-0,-29.829,0.0025,0,-0,0,-0,87.123,90,0,0,-0,0,-30.932,0,-0,-0,0,-0,-32.196,-127.56,-47.256,-4.741,-6.6835,-8.756,-38.799,-129.73,59.139,-6.7145,9.0997,-13.7,87.612,90,0.0004,-0.0009,-0.0001,-0.0001,-28.045,0.0002,0,-0,0,-0,87.423,90,0,0,-0,0,-29.048,0,-0,-0,0,-0,-32.177,-127.56,-47.256,-4.7409,-6.6835,-8.7559,-31.62,-129.73,58.968,-6.7487,9.0997,-13.7,87.887,89.999,0.0002,-0.0009,-0.0001,-0,-26.548,-0,0,-0.0001,0,-0,87.704,90,0,0,-0,0,-27.168,0,-0,-0,0,-0,-32.031,-127.56,-47.256,-4.7409,-6.6835,-8.756,-37.261,-129.73,58.968,-6.7818,9.0997,-13.7,88.144,89.999,0.0002,-0.0007,-0.0001,-0,-24.493,-0,0,0.0004,0,-0,87.967,90,0,0,-0,0,-25.299,0,-0,-0,0,-0,-31.759,-127.56,-47.256,-4.7409,-6.6835,-8.756,-41.363,-129.56,58.968,-6.816,9.0997,-13.7,88.381,89.999,0.0002,-0.0009,-0.0001,-0.0001,-22.495,-0.0039,0,0.0012,0,-0,88.21,90,0,0,-0,0,-23.448,0,-0,-0,0,-0,-31.361,-127.56,-47.256,-4.7408,-6.6835,-8.7559,1,0
-38.628,-129.9,59.309,-6.5777,9.0997,-13.769,85.178,90,0.0007,-0.0009,0,0.0003,-40.881,-0,0,-0,0,-0,84.934,90,0,0,-0,0,-41.901,0,-0,-0,0,-0,-29.675,-127.56,-47.256,-4.7409,-6.6835,-8.756,-37.945,-129.9,59.309,-6.6119,9.0997,-13.769,85.581,90,0.0007,-0.0009,0,0.0003,-39.175,-0,0,-0,0,0.0007,85.344,90,0,0,-0,0,-40.149,0,-0,-0,0,-0,-30.402,-127.56,-47.256,-4.7409,-6.6835,-8.756,-38.799,-129.9,59.309,-6.6803,9.0997,-13.735,85.966,90,0.0007,-0.0009,0,0.0001,-37.35,-0,0,-0,0,-0,85.737,90,0,0,-0,0,-38.357,0,-0,-0,0,-0,-31.009,-127.56,-47.256,-4.7409,-6.6835,-8.7559,-34.014,-129.9,59.139,-6.7145,9.0997,-13.735,86.334,90,0.0007,-0.0004,0,0.0003,-35.771,-0,0,-0.0152,0,-0,86.111,90,0,0,-0,0,-36.532,0,-0,-0,0,-0,-31.493,-127.56,-47.257,-4.7409,-6.6836,-8.756,-35.893,-129.9,59.139,-6.8844,9.0997,-13.735,86.683,90,0.0007,0.0001,0,0.0004,-33.867,-0,0,-0,0,-0,86.467,90,0,0,-0,0,-34.681,0,-0,-0,0,-0,-31.854,-127.56,-47.257,-4.7409,-6.6836,-8.756,-45.295,-129.9,59.139,-6.8844,9.0997,-13.735,87.012,90,0.0007,-0,0,0.0003,-31.555,-0,0.0005,0.0166,0,0.0001,86.805,90,0,0,-0,0,-32.812,0,-0,-0,0,-0,-32.088,-127.56,-47.256,-4.7409,-6.6835,-8.756,-41.022,-129.9,59.139,-6.6803,9.0997,-13.7,87.321,90,0.0005,-0.0007,0,-0,-29.829,0.0025,0,-0,0,-0,87.123,90,0,0,-0,0,-30.932,0,-0,-0,0,-0,-32.196,-127.56,-47.256,-4.741,-6.6835,-8.756,-38.799,-129.73,59.139,-6.7145,9.0997,-13.7,87.612,90,0.0004,-0.0009,-0.0001,-0.0001,-28.045,0.0002,0,-0,0,-0,87.423,90,0,0,-0,0,-29.048,0,-0,-0,0,-0,-32.177,-127.56,-47.256,-4.7409,-6.6835,-8.7559,-31.62,-129.73,58.968,-6.7487,9.0997,-13.7,87.887,89.999,0.0002,-0.0009,-0.0001,-0,-26.548,-0,0,-0.0001,0,-0,87.704,90,0,0,-0,0,-27.168,0,-0,-0,0,-0,-32.031,-127.56,-47.256,-4.7409,-6.6835,-8.756,-37.261,-129.73,58.968,-6.7818,9.0997,-13.7,88.144,89.999,0.0002,-0.0007,-0.0001,-0,-24.493,-0,0,0.0004,0,-0,87.967,90,0,0,-0,0,-25.299,0,-0,-0,0,-0,-31.759,-127.56,-47.256,-4.7409,-6.6835,-8.756,1,0
-27.689,-129.9,59.309,-6.4751,9.0997,-13.735,84.755,90,0.0006,-0.0012,0,0.0001,-43.012,-0,0,-0.0078,0,-0,84.506,90,0,0,-0,0,-43.605,0,-0,-0,0,-0,-28.831,-127.56,-47.257,-4.7409,-6.6836,-8.756,-38.628,-129.9,59.309,-6.5777,9.0997,-13.769,85.178,90,0.0007,-0.0009,0,0.0003,-40.881,-0,0,-0,0,-0,84.934,90,0,0,-0,0,-41.901,0,-0,-0,0,-0,-29.675,-127.56,-47.256,-4.7409,-6.6835,-8.756,-37.945,-129.9,59.309,-6.6119,9.0997,-13.769,85.581,90,0.0007,-0.0009,0,0.0003,-39.175,-0,0,-0,0,0.0007,85.344,90,0,0,-0,0,-40.149,0,-0,-0,0,-0,-30.402,-127.56,-47.256,-4.7409,-6.6835,-8.756,-38.799,-129.9,59.309,-6.6803,9.0997,-13.735,85.966,90,0.0007,-0.0009,0,0.0001,-37.35,-0,0,-0,0,-0,85.737,90,0,0,-0,0,-38.357,0,-0,-0,0,-0,-31.009,-127.56,-47.256,-4.7409,-6.6835,-8.7559,-34.014,-129.9,59.139,-6.7145,9.0997,-13.735,86.334,90,0.0007,-0.0004,0,0.0003,-35.771,-0,0,-0.0152,0,-0,86.111,90,0,0,-0,0,-36.532,0,-0,-0,0,-0,-31.493,-127.56,-47.257,-4.7409,-6.6836,-8.756,-35.893,-129.9,59.139,-6.8844,9.0997,-13.735,86.683,90,0.0007,0.0001,0,0.0004,-33.867,-0,0,-0,0,-0,86.467,90,0,0,-0,0,-34.681,0,-0,-0,0,-0,-31.854,-127.56,-47.257,-4.7409,-6.6836,-8.756,-45.295,-129.9,59.139,-6.8844,9.0997,-13.735,87.012,90,0.0007,-0,0,0.0003,-31.555,-0,0.0005,0.0166,0,0.0001,86.805,90,0,0,-0,0,-32.812,0,-0,-0,0,-0,-32.088,-127.56,-47.256,-4.7409,-6.6835,-8.756,-41.022,-129.9,59.139,-6.6803,9.0997,-13.7,87.321,90,0.0005,-0.0007,0,-0,-29.829,0.0025,0,-0,0,-0,87.123,90,0,0,-0,0,-30.932,0,-0,-0,0,-0,-32.196,-127.56,-47.256,-4.741,-6.6835,-8.756,-38.799,-129.73,59.139,-6.7145,9.0997,-13.7,87.612,90,0.0004,-0.0009,-0.0001,-0.0001,-28.045,0.0002,0,-0,0,-0,87.423,90,0,0,-0,0,-29.048,0,-0,-0,0,-0,-32.177,-127.56,-47.256,-4.7409,-6.6835,-8.7559,-31.62,-129.73,58.968,-6.7487,9.0997,-13.7,87.887,89.999,0.0002,-0.0009,-0.0001,-0,-26.548,-0,0,-0.0001,0,-0,87.704,90,0,0,-0,0,-27.168,0,-0,-0,0,-0,-32.031,-127.56,-47.256,-4.7409,-6.6835,-8.756,1,0
19.998,-130.93,62.044,-2.6247,9.0997,-13.803,55.063,90.001,0.0017,-0.001,0,0.0001,-59.889,-0,0,0.009,0,-0,54.732,90,0,0,-0,0,-59.98,0,-0,-0,0,-0,0,-127.56,-47.256,-4.7414,-6.6835,-8.7565,-27.689,-129.9,59.309,-6.4751,9.0997,-13.735,84.755,90,0.0006,-0.0012,0,0.0001,-43.012,-0,0,-0.0078,0,-0,84.506,90,0,0,-0,0,-43.605,0,-0,-0,0,-0,-28.831,-127.56,-47.257,-4.7409,-6.6836,-8.756,-38.628,-129.9,59.309,-6.5777,9.0997,-13.769,85.178,90,0.0007,-0.0009,0,0.0003,-40.881,-0,0,-0,0,-0,84.934,90,0,0,-0,0,-41.901,0,-0,-0,0,-0,-29.675,-127.56,-47.256,-4.7409,-6.6835,-8.756,-37.945,-129.9,59.309,-6.6119,9.0997,-13.769,85.581,90,0.0007,-0.0009,0,0.0003,-39.175,-0,0,-0,0,0.0007,85.344,90,0,0,-0,0,-40.149,0,-0,-0,0,-0,-30.402,-127.56,-47.256,-4.7409,-6.6835,-8.756,-38.799,-129.9,59.309,-6.6803,9.0997,-13.735,85.966,90,0.0007,-0.0009,0,0.0001,-37.35,-0,0,-0,0,-0,85.737,90,0,0,-0,0,-38.357,0,-0,-0,0,-0,-31.009,-127.56,-47.256,-4.7409,-6.6835,-8.7559,-34.014,-129.9,59.139,-6.7145,9.0997,-13.735,86.334,90,0.0007,-0.0004,0,0.0003,-35.771,-0,0,-0.0152,0,-0,86.111,90,0,0,-0,0,-36.532,0,-0,-0,0,-0,-31.493,-127.56,-47.257,-4.7409,-6.6836,-8.756,-35.893,-129.9,59.139,-6.8844,9.0997,-13.735,86.683,90,0.0007,0.0001,0,0.0004,-33.867,-0,0,-0,0,-0,86.467,90,0,0,-0,0,-34.681,0,-0,-0,0,-0,-31.854,-127.56,-47.257,-4.7409,-6.6836,-8.756,-45.295,-129.9,59.139,-6.8844,9.0997,-13.735,87.012,90,0.0007,-0,0,0.0003,-31.555,-0,0.0005,0.0166,0,0.0001,86.805,90,0,0,-0,0,-32.812,0,-0,-0,0,-0,-32.088,-127.56,-47.256,-4.7409,-6.6835,-8.756,-41.022,-129.9,59.139,-6.6803,9.0997,-13.7,87.321,90,0.0005,-0.0007,0,-0,-29.829,0.0025,0,-0,0,-0,87.123,90,0,0,-0,0,-30.932,0,-0,-0,0,-0,-32.196,-127.56,-47.256,-4.741,-6.6835,-8.756,-38.799,-129.73,59.139,-6.7145,9.0997,-13.7,87.612,90,0.0004,-0.0009,-0.0001,-0.0001,-28.045,0.0002,0,-0,0,-0,87.423,90,0,0,-0,0,-29.048,0,-0,-0,0,-0,-32.177,-127.56,-47.256,-4.7409,-6.6835,-8.7559,1,0
