-0.2082,-4.6615,-0,-4.6675,0,-0,-0.2242,-4.6615,-0,-4.6675,0,-0,-0.2562,-4.6614,-0.0045,-4.6675,0,-0,-0.2562,-4.6612,-0,-4.6675,0,-0,-0.2722,-4.6611,-0.0013,-4.6675,0,-0,-3.6507,-47.782,0.3391,-47.741,0,34.098,-3.7148,-47.785,0.3438,-47.741,0,34.101,-3.8589,-47.788,0.3062,-47.741,0,34.105,-4.051,-47.791,0.2169,-47.741,0,34.108,-4.2752,-47.793,0.088,-47.741,0,34.11,-0.9927,78.761,0,78.761,0,-10.442,-0.9927,78.761,0.002,78.761,0,-10.441,-0.9927,78.761,0,78.761,0,-10.439,-0.9927,78.761,0,78.761,0,-10.438,-0.9767,78.761,-0.0046,78.761,0,-10.438,0.1421,154.27,-0,154.27,0,-1.8484,0.1421,154.27,-0,154.27,0,-1.8482,0.1421,154.27,-0,154.27,0,-1.848,0.1421,154.27,-0,154.27,0,-1.8479,0.1452,154.27,-0,154.27,0,-1.8478,-0.0185,4.0639,0,4.0638,0,0.3,-0.0185,4.0639,0,4.0638,0,0.3,-0.0185,4.0639,0,4.0638,0,0.3,-0.0185,4.0639,0,4.0638,0,0.2999,-0.0185,4.0639,0,4.0638,0,0.2999,0.0185,162.32,-0,162.32,0,0.0014,0.0185,162.32,-0,162.32,0,0.0014,0.0216,162.32,-0,162.32,0,0.0014,0.0216,162.32,-0,162.32,0,0.0014,0.0216,162.32,-0,162.32,0,0.0014,0,1
-0.1921,-4.6614,-0,-4.6675,0,-0,-0.2082,-4.6615,-0,-4.6675,0,-0,-0.2242,-4.6615,-0,-4.6675,0,-0,-0.2562,-4.6614,-0.0045,-4.6675,0,-0,-0.2562,-4.6612,-0,-4.6675,0,-0,-3.7148,-47.779,0.2792,-47.741,0,34.095,-3.6507,-47.782,0.3391,-47.741,0,34.098,-3.7148,-47.785,0.3438,-47.741,0,34.101,-3.8589,-47.788,0.3062,-47.741,0,34.105,-4.051,-47.791,0.2169,-47.741,0,34.108,-0.9927,78.761,0,78.761,0,-10.443,-0.9927,78.761,0,78.761,0,-10.442,-0.9927,78.761,0.002,78.761,0,-10.441,-0.9927,78.761,0,78.761,0,-10.439,-0.9927,78.761,0,78.761,0,-10.438,0.1421,154.27,-0,154.27,0,-1.8485,0.1421,154.27,-0,154.27,0,-1.8484,0.1421,154.27,-0,154.27,0,-1.8482,0.1421,154.27,-0,154.27,0,-1.848,0.1421,154.27,-0,154.27,0,-1.8479,-0.0216,4.0639,0,4.0638,0,0.3001,-0.0185,4.0639,0,4.0638,0,0.3,-0.0185,4.0639,0,4.0638,0,0.3,-0.0185,4.0639,0,4.0638,0,0.3,-0.0185,4.0639,0,4.0638,0,0.2999,0.0185,162.32,-0,162.32,0,0.0014,0.0185,162.32,-0,162.32,0,0.0014,0.0185,162.32,-0,162.32,0,0.0014,0.0216,162.32,-0,162.32,0,0.0014,0.0216,162.32,-0,162.32,0,0.0014,0,1
-0.1921,-4.6613,-0,-4.6675,0,-0,-0.1921,-4.6614,-0,-4.6675,0,-0,-0.2082,-4.6615,-0,-4.6675,0,-0,-0.2242,-4.6615,-0,-4.6675,0,-0,-0.2562,-4.6614,-0.0045,-4.6675,0,-0,-3.7788,-47.777,0.2396,-47.741,0,34.093,-3.7148,-47.779,0.2792,-47.741,0,34.095,-3.6507,-47.782,0.3391,-47.741,0,34.098,-3.7148,-47.785,0.3438,-47.741,0,34.101,-3.8589,-47.788,0.3062,-47.741,0,34.105,-0.9927,78.761,0,78.761,0,-10.443,-0.9927,78.761,0,78.761,0,-10.443,-0.9927,78.761,0,78.761,0,-10.442,-0.9927,78.761,0.002,78.761,0,-10.441,-0.9927,78.761,0,78.761,0,-10.439,0.139,154.27,-0,154.27,0,-1.8486,0.1421,154.27,-0,154.27,0,-1.8485,0.1421,154.27,-0,154.27,0,-1.8484,0.1421,154.27,-0,154.27,0,-1.8482,0.1421,154.27,-0,154.27,0,-1.848,-0.0216,4.0639,0,4.0638,0,0.3001,-0.0216,4.0639,0,4.0638,0,0.3001,-0.0185,4.0639,0,4.0638,0,0.3,-0.0185,4.0639,0,4.0638,0,0.3,-0.0185,4.0639,0,4.0638,0,0.3,0.0185,162.32,-0,162.32,0,0.0014,0.0185,162.32,-0,162.32,0,0.0014,0.0185,162.32,-0,162.32,0,0.0014,0.0185,162.32,-0,162.32,0,0.0014,0.0216,162.32,-0,162.32,0,0.0014,0,1
-0.1761,-4.6613,-0,-4.6675,0,-0,-0.1921,-4.6613,-0,-4.6675,0,-0,-0.1921,-4.6614,-0,-4.6675,0,-0,-0.2082,-4.6615,-0,-4.6675,0,-0,-0.2242,-4.6615,-0,-4.6675,0,-0,-3.8429,-47.776,0.2034,-47.741,0,34.092,-3.7788,-47.777,0.2396,-47.741,0,34.093,-3.7148,-47.779,0.2792,-47.741,0,34.095,-3.6507,-47.782,0.3391,-47.741,0,34.098,-3.7148,-47.785,0.3438,-47.741,0,34.101,-0.9927,78.761,0,78.761,0,-10.444,-0.9927,78.761,0,78.761,0,-10.443,-0.9927,78.761,0,78.761,0,-10.443,-0.9927,78.761,0,78.761,0,-10.442,-0.9927,78.761,0.002,78.761,0,-10.441,0.139,154.27,-0,154.27,0,-1.8487,0.139,154.27,-0,154.27,0,-1.8486,0.1421,154.27,-0,154.27,0,-1.8485,0.1421,154.27,-0,154.27,0,-1.8484,0.1421,154.27,-0,154.27,0,-1.8482,-0.0216,4.0639,0,4.0638,0,0.3001,-0.0216,4.0639,0,4.0638,0,0.3001,-0.0216,4.0639,0,4.0638,0,0.3001,-0.0185,4.0639,0,4.0638,0,0.3,-0.0185,4.0639,0,4.0638,0,0.3,0.0185,162.32,-0,162.32,0,0.0014,0.0185,162.32,-0,162.32,0,0.0014,0.0185,162.32,-0,162.32,0,0.0014,0.0185,162.32,-0,162.32,0,0.0014,0.0185,162.32,-0,162.32,0,0.0014,0,1
-0.1601,-4.6613,-0,-4.6675,0,-0,-0.1761,-4.6613,-0,-4.6675,0,-0,-0.1921,-4.6613,-0,-4.6675,0,-0,-0.1921,-4.6614,-0,-4.6675,0,-0,-0.2082,-4.6615,-0,-4.6675,0,-0,-4.019,-47.775,0.1163,-47.741,0,34.09,-3.8429,-47.776,0.2034,-47.741,0,34.092,-3.7788,-47.777,0.2396,-47.741,0,34.093,-3.7148,-47.779,0.2792,-47.741,0,34.095,-3.6507,-47.782,0.3391,-47.741,0,34.098,-0.9927,78.761,0,78.761,0,-10.444,-0.9927,78.761,0,78.761,0,-10.444,-0.9927,78.761,0,78.761,0,-10.443,-0.9927,78.761,0,78.761,0,-10.443,-0.9927,78.761,0,78.761,0,-10.442,0.139,154.27,-0,154.27,0,-1.8488,0.139,154.27,-0,154.27,0,-1.8487,0.139,154.27,-0,154.27,0,-1.8486,0.1421,154.27,-0,154.27,0,-1.8485,0.1421,154.27,-0,154.27,0,-1.8484,-0.0216,4.0639,0,4.0638,0,0.3001,-0.0216,4.0639,0,4.0638,0,0.3001,-0.0216,4.0639,0,4.0638,0,0.3001,-0.0216,4.0639,0,4.0638,0,0.3001,-0.0185,4.0639,0,4.0638,0,0.3,0.0185,162.32,-0,162.32,0,0.0014,0.0185,162.32,-0,162.32,0,0.0014,0.0185,162.32,-0,162.32,0,0.0014,0.0185,162.32,-0,162.32,0,0.0014,0.0185,162.32,-0,162.32,0,0.0014,0,1
-0.1441,-4.6614,-0,-4.6675,0,-0,-0.1601,-4.6613,-0,-4.6675,0,-0,-0.1761,-4.6613,-0,-4.6675,0,-0,-0.1921,-4.6613,-0,-4.6675,0,-0,-0.1921,-4.6614,-0,-4.6675,0,-0,-3.9229,-47.773,0.1654,-47.741,0,34.088,-4.019,-47.775,0.1163,-47.741,0,34.09,-3.8429,-47.776,0.2034,-47.741,0,34.092,-3.7788,-47.777,0.2396,-47.741,0,34.093,-3.7148,-47.779,0.2792,-47.741,0,34.095,-0.9927,78.761,0,78.761,0,-10.445,-0.9927,78.761,0,78.761,0,-10.444,-0.9927,78.761,0,78.761,0,-10.444,-0.9927,78.761,0,78.761,0,-10.443,-0.9927,78.761,0,78.761,0,-10.443,0.139,154.27,-0,154.27,0,-1.8489,0.139,154.27,-0,154.27,0,-1.8488,0.139,154.27,-0,154.27,0,-1.8487,0.139,154.27,-0,154.27,0,-1.8486,0.1421,154.27,-0,154.27,0,-1.8485,-0.0216,4.0639,0,4.0638,0,0.3001,-0.0216,4.0639,0,4.0638,0,0.3001,-0.0216,4.0639,0,4.0638,0,0.3001,-0.0216,4.0639,0,4.0638,0,0.3001,-0.0216,4.0639,0,4.0638,0,0.3001,0.0154,162.32,-0,162.32,0,0.0014,0.0185,162.32,-0,162.32,0,0.0014,0.0185,162.32,-0,162.32,0,0.0014,0.0185,162.32,-0,162.32,0,0.0014,0.0185,162.32,-0,162.32,0,0.0014,0,1
-0.1441,-4.6616,-0.0042,-4.6675,0,-0,-0.1441,-4.6614,-0,-4.6675,0,-0,-0.1601,-4.6613,-0,-4.6675,0,-0,-0.1761,-4.6613,-0,-4.6675,0,-0,-0.1921,-4.6613,-0,-4.6675,0,-0,-3.9069,-47.771,0.17,-47.741,0,34.087,-3.9229,-47.773,0.1654,-47.741,0,34.088,-4.019,-47.775,0.1163,-47.741,0,34.09,-3.8429,-47.776,0.2034,-47.741,0,34.092,-3.7788,-47.777,0.2396,-47.741,0,34.093,-0.9927,78.761,0,78.761,0,-10.445,-0.9927,78.761,0,78.761,0,-10.445,-0.9927,78.761,0,78.761,0,-10.444,-0.9927,78.761,0,78.761,0,-10.444,-0.9927,78.761,0,78.761,0,-10.443,0.139,154.27,-0,154.27,0,-1.8489,0.139,154.27,-0,154.27,0,-1.8489,0.139,154.27,-0,154.27,0,-1.8488,0.139,154.27,-0,154.27,0,-1.8487,0.139,154.27,-0,154.27,0,-1.8486,-0.0216,4.0639,0,4.0638,0,0.3002,-0.0216,4.0639,0,4.0638,0,0.3001,-0.0216,4.0639,0,4.0638,0,0.3001,-0.0216,4.0639,0,4.0638,0,0.3001,-0.0216,4.0639,0,4.0638,0,0.3001,0.0154,162.32,-0,162.32,0,0.0014,0.0154,162.32,-0,162.32,0,0.0014,0.0185,162.32,-0,162.32,0,0.0014,0.0185,162.32,-0,162.32,0,0.0014,0.0185,162.32,-0,162.32,0,0.0014,0,1
-0.1281,-4.6618,-0.0037,-4.6675,0,-0,-0.1441,-4.6616,-0.0042,-4.6675,0,-0,-0.1441,-4.6614,-0,-4.6675,0,-0,-0.1601,-4.6613,-0,-4.6675,0,-0,-0.1761,-4.6613,-0,-4.6675,0,-0,-3.8429,-47.769,0.1927,-47.741,0,34.085,-3.9069,-47.771,0.17,-47.741,0,34.087,-3.9229,-47.773,0.1654,-47.741,0,34.088,-4.019,-47.775,0.1163,-47.741,0,34.09,-3.8429,-47.776,0.2034,-47.741,0,34.092,-0.9927,78.761,0,78.761,0,-10.446,-0.9927,78.761,0,78.761,0,-10.445,-0.9927,78.761,0,78.761,0,-10.445,-0.9927,78.761,0,78.761,0,-10.444,-0.9927,78.761,0,78.761,0,-10.444,0.139,154.27,-0,154.27,0,-1.849,0.139,154.27,-0,154.27,0,-1.8489,0.139,154.27,-0,154.27,0,-1.8489,0.139,154.27,-0,154.27,0,-1.8488,0.139,154.27,-0,154.27,0,-1.8487,-0.0247,4.0639,0,4.0638,0,0.3002,-0.0216,4.0639,0,4.0638,0,0.3002,-0.0216,4.0639,0,4.0638,0,0.3001,-0.0216,4.0639,0,4.0638,0,0.3001,-0.0216,4.0639,0,4.0638,0,0.3001,0.0154,162.32,-0,162.32,0,0.0014,0.0154,162.32,-0,162.32,0,0.0014,0.0154,162.32,-0,162.32,0,0.0014,0.0185,162.32,-0,162.32,0,0.0014,0.0185,162.32,-0,162.32,0,0.0014,0,1
-0.1121,-4.6619,-0,-4.6675,0,-0,-0.1281,-4.6618,-0.0037,-4.6675,0,-0,-0.1441,-4.6616,-0.0042,-4.6675,0,-0,-0.1441,-4.6614,-0,-4.6675,0,-0,-0.1601,-4.6613,-0,-4.6675,0,-0,-3.7948,-47.767,0.2009,-47.741,0,34.083,-3.8429,-47.769,0.1927,-47.741,0,34.085,-3.9069,-47.771,0.17,-47.741,0,34.087,-3.9229,-47.773,0.1654,-47.741,0,34.088,-4.019,-47.775,0.1163,-47.741,0,34.09,-0.9927,78.761,0,78.761,0,-10.447,-0.9927,78.761,0,78.761,0,-10.446,-0.9927,78.761,0,78.761,0,-10.445,-0.9927,78.761,0,78.761,0,-10.445,-0.9927,78.761,0,78.761,0,-10.444,0.1359,154.27,-0,154.27,0,-1.8491,0.139,154.27,-0,154.27,0,-1.849,0.139,154.27,-0,154.27,0,-1.8489,0.139,154.27,-0,154.27,0,-1.8489,0.139,154.27,-0,154.27,0,-1.8488,-0.0247,4.0639,0,4.0638,0,0.3002,-0.0247,4.0639,0,4.0638,0,0.3002,-0.0216,4.0639,0,4.0638,0,0.3002,-0.0216,4.0639,0,4.0638,0,0.3001,-0.0216,4.0639,0,4.0638,0,0.3001,0.0154,162.32,-0,162.32,0,0.0014,0.0154,162.32,-0,162.32,0,0.0014,0.0154,162.32,-0,162.32,0,0.0014,0.0154,162.32,-0,162.32,0,0.0014,0.0185,162.32,-0,162.32,0,0.0014,0,1
-0.0961,-4.6619,-0,-4.6675,0,-0,-0.1121,-4.6619,-0,-4.6675,0,-0,-0.1281,-4.6618,-0.0037,-4.6675,0,-0,-0.1441,-4.6616,-0.0042,-4.6675,0,-0,-0.1441,-4.6614,-0,-4.6675,0,-0,-3.7788,-47.765,0.1877,-47.741,0,34.08,-3.7948,-47.767,0.2009,-47.741,0,34.083,-3.8429,-47.769,0.1927,-47.741,0,34.085,-3.9069,-47.771,0.17,-47.741,0,34.087,-3.9229,-47.773,0.1654,-47.741,0,34.088,-0.9927,78.761,0,78.761,0,-10.448,-0.9927,78.761,0,78.761,0,-10.447,-0.9927,78.761,0,78.761,0,-10.446,-0.9927,78.761,0,78.761,0,-10.445,-0.9927,78.761,0,78.761,0,-10.445,0.1359,154.27,-0,154.27,0,-1.8493,0.1359,154.27,-0,154.27,0,-1.8491,0.139,154.27,-0,154.27,0,-1.849,0.139,154.27,-0,154.27,0,-1.8489,0.139,154.27,-0,154.27,0,-1.8489,-0.0247,4.0639,0,4.0638,0,0.3002,-0.0247,4.0639,0,4.0638,0,0.3002,-0.0247,4.0639,0,4.0638,0,0.3002,-0.0216,4.0639,0,4.0638,0,0.3002,-0.0216,4.0639,0,4.0638,0,0.3001,0.0154,162.32,-0,162.32,0,0.0014,0.0154,162.32,-0,162.32,0,0.0014,0.0154,162.32,-0,162.32,0,0.0014,0.0154,162.32,-0,162.32,0,0.0014,0.0154,162.32,-0,162.32,0,0.0014,0,1
-0.0801,-4.6618,-0,-4.6675,0,-0,-0.0961,-4.6619,-0,-4.6675,0,-0,-0.1121,-4.6619,-0,-4.6675,0,-0,-0.1281,-4.6618,-0.0037,-4.6675,0,-0,-0.1441,-4.6616,-0.0042,-4.6675,0,-0,-3.9229,-47.764,0.1048,-47.741,0,34.078,-3.7788,-47.765,0.1877,-47.741,0,34.08,-3.7948,-47.767,0.2009,-47.741,0,34.083,-3.8429,-47.769,0.1927,-47.741,0,34.085,-3.9069,-47.771,0.17,-47.741,0,34.087,-0.9927,78.761,0,78.761,0,-10.448,-0.9927,78.761,0,78.761,0,-10.448,-0.9927,78.761,0,78.761,0,-10.447,-0.9927,78.761,0,78.761,0,-10.446,-0.9927,78.761,0,78.761,0,-10.445,0.1359,154.27,-0,154.27,0,-1.8494,0.1359,154.27,-0,154.27,0,-1.8493,0.1359,154.27,-0,154.27,0,-1.8491,0.139,154.27,-0,154.27,0,-1.849,0.139,154.27,-0,154.27,0,-1.8489,-0.0247,4.0639,0,4.0638,0,0.3002,-0.0247,4.0639,0,4.0638,0,0.3002,-0.0247,4.0639,0,4.0638,0,0.3002,-0.0247,4.0639,0,4.0638,0,0.3002,-0.0216,4.0639,0,4.0638,0,0.3002,0.0154,162.32,-0,162.32,0,0.0014,0.0154,162.32,-0,162.32,0,0.0014,0.0154,162.32,-0,162.32,0,0.0014,0.0154,162.32,-0,162.32,0,0.0014,0.0154,162.32,-0,162.32,0,0.0014,0,1
-0.064,-4.6618,-0,-4.6675,0,-0,-0.0801,-4.6618,-0,-4.6675,0,-0,-0.0961,-4.6619,-0,-4.6675,0,-0,-0.1121,-4.6619,-0,-4.6675,0,-0,-0.1281,-4.6618,-0.0037,-4.6675,0,-0,-3.8589,-47.762,0.1192,-47.741,0,34.077,-3.9229,-47.764,0.1048,-47.741,0,34.078,-3.7788,-47.765,0.1877,-47.741,0,34.08,-3.7948,-47.767,0.2009,-47.741,0,34.083,-3.8429,-47.769,0.1927,-47.741,0,34.085,-0.9927,78.761,0,78.761,0,-10.449,-0.9927,78.761,0,78.761,0,-10.448,-0.9927,78.761,0,78.761,0,-10.448,-0.9927,78.761,0,78.761,0,-10.447,-0.9927,78.761,0,78.761,0,-10.446,0.1359,154.27,-0,154.27,0,-1.8494,0.1359,154.27,-0,154.27,0,-1.8494,0.1359,154.27,-0,154.27,0,-1.8493,0.1359,154.27,-0,154.27,0,-1.8491,0.139,154.27,-0,154.27,0,-1.849,-0.0247,4.0639,0,4.0638,0,0.3003,-0.0247,4.0639,0,4.0638,0,0.3002,-0.0247,4.0639,0,4.0638,0,0.3002,-0.0247,4.0639,0,4.0638,0,0.3002,-0.0247,4.0639,0,4.0638,0,0.3002,0.0124,162.32,-0,162.32,0,0.0014,0.0154,162.32,-0,162.32,0,0.0014,0.0154,162.32,-0,162.32,0,0.0014,0.0154,162.32,-0,162.32,0,0.0014,0.0154,162.32,-0,162.32,0,0.0014,0,1
-0.048,-4.6618,-0,-4.6675,0,-0,-0.064,-4.6618,-0,-4.6675,0,-0,-0.0801,-4.6618,-0,-4.6675,0,-0,-0.0961,-4.6619,-0,-4.6675,0,-0,-0.1121,-4.6619,-0,-4.6675,0,-0,-3.9069,-47.761,0.0946,-47.741,0,34.075,-3.8589,-47.762,0.1192,-47.741,0,34.077,-3.9229,-47.764,0.1048,-47.741,0,34.078,-3.7788,-47.765,0.1877,-47.741,0,34.08,-3.7948,-47.767,0.2009,-47.741,0,34.083,-0.9927,78.761,0,78.761,0,-10.449,-0.9927,78.761,0,78.761,0,-10.449,-0.9927,78.761,0,78.761,0,-10.448,-0.9927,78.761,0,78.761,0,-10.448,-0.9927,78.761,0,78.761,0,-10.447,0.1359,154.27,-0,154.27,0,-1.8495,0.1359,154.27,-0,154.27,0,-1.8494,0.1359,154.27,-0,154.27,0,-1.8494,0.1359,154.27,-0,154.27,0,-1.8493,0.1359,154.27,-0,154.27,0,-1.8491,-0.0247,4.0639,0,4.0638,0,0.3003,-0.0247,4.0639,0,4.0638,0,0.3003,-0.0247,4.0639,0,4.0638,0,0.3002,-0.0247,4.0639,0,4.0638,0,0.3002,-0.0247,4.0639,0,4.0638,0,0.3002,0.0124,162.32,-0,162.32,0,0.0014,0.0124,162.32,-0,162.32,0,0.0014,0.0154,162.32,-0,162.32,0,0.0014,0.0154,162.32,-0,162.32,0,0.0014,0.0154,162.32,-0,162.32,0,0.0014,0,1
-0.032,-4.662,-0,-4.6675,0,-0,-0.048,-4.6618,-0,-4.6675,0,-0,-0.064,-4.6618,-0,-4.6675,0,-0,-0.0801,-4.6618,-0,-4.6675,0,-0,-0.0961,-4.6619,-0,-4.6675,0,-0,-4.035,-47.76,0.0385,-47.741,0,34.074,-3.9069,-47.761,0.0946,-47.741,0,34.075,-3.8589,-47.762,0.1192,-47.741,0,34.077,-3.9229,-47.764,0.1048,-47.741,0,34.078,-3.7788,-47.765,0.1877,-47.741,0,34.08,-0.9927,78.761,0,78.761,0,-10.45,-0.9927,78.761,0,78.761,0,-10.449,-0.9927,78.761,0,78.761,0,-10.449,-0.9927,78.761,0,78.761,0,-10.448,-0.9927,78.761,0,78.761,0,-10.448,0.1359,154.27,-0,154.27,0,-1.8496,0.1359,154.27,-0,154.27,0,-1.8495,0.1359,154.27,-0,154.27,0,-1.8494,0.1359,154.27,-0,154.27,0,-1.8494,0.1359,154.27,-0,154.27,0,-1.8493,-0.0278,4.0639,0,4.0638,0,0.3003,-0.0247,4.0639,0,4.0638,0,0.3003,-0.0247,4.0639,0,4.0638,0,0.3003,-0.0247,4.0639,0,4.0638,0,0.3002,-0.0247,4.0639,0,4.0638,0,0.3002,0.0124,162.32,-0,162.32,0,0.0014,0.0124,162.32,-0,162.32,0,0.0014,0.0124,162.32,-0,162.32,0,0.0014,0.0154,162.32,-0,162.32,0,0.0014,0.0154,162.32,-0,162.32,0,0.0014,0,1
-0.048,-4.6622,-0.0097,-4.6675,0,0,-0.032,-4.662,-0,-4.6675,0,-0,-0.048,-4.6618,-0,-4.6675,0,-0,-0.064,-4.6618,-0,-4.6675,0,-0,-0.0801,-4.6618,-0,-4.6675,0,-0,-4.035,-47.759,0.0435,-47.741,0,34.074,-4.035,-47.76,0.0385,-47.741,0,34.074,-3.9069,-47.761,0.0946,-47.741,0,34.075,-3.8589,-47.762,0.1192,-47.741,0,34.077,-3.9229,-47.764,0.1048,-47.741,0,34.078,-0.9927,78.761,0,78.761,0,-10.45,-0.9927,78.761,0,78.761,0,-10.45,-0.9927,78.761,0,78.761,0,-10.449,-0.9927,78.761,0,78.761,0,-10.449,-0.9927,78.761,0,78.761,0,-10.448,0.1328,154.27,-0,154.27,0,-1.8496,0.1359,154.27,-0,154.27,0,-1.8496,0.1359,154.27,-0,154.27,0,-1.8495,0.1359,154.27,-0,154.27,0,-1.8494,0.1359,154.27,-0,154.27,0,-1.8494,-0.0278,4.0639,0,4.0638,0,0.3003,-0.0278,4.0639,0,4.0638,0,0.3003,-0.0247,4.0639,0,4.0638,0,0.3003,-0.0247,4.0639,0,4.0638,0,0.3003,-0.0247,4.0639,0,4.0638,0,0.3002,0.0124,162.32,-0,162.32,0,0.0014,0.0124,162.32,-0,162.32,0,0.0014,0.0124,162.32,-0,162.32,0,0.0014,0.0124,162.32,-0,162.32,0,0.0014,0.0154,162.32,-0,162.32,0,0.0014,0,1
-0.032,-4.6624,-0.0031,-4.6675,0,-0,-0.048,-4.6622,-0.0097,-4.6675,0,0,-0.032,-4.662,-0,-4.6675,0,-0,-0.048,-4.6618,-0,-4.6675,0,-0,-0.064,-4.6618,-0,-4.6675,0,-0,-4.019,-47.758,0.0542,-47.741,0,34.072,-4.035,-47.759,0.0435,-47.741,0,34.074,-4.035,-47.76,0.0385,-47.741,0,34.074,-3.9069,-47.761,0.0946,-47.741,0,34.075,-3.8589,-47.762,0.1192,-47.741,0,34.077,-0.9927,78.761,0,78.761,0,-10.45,-0.9927,78.761,0,78.761,0,-10.45,-0.9927,78.761,0,78.761,0,-10.45,-0.9927,78.761,0,78.761,0,-10.449,-0.9927,78.761,0,78.761,0,-10.449,0.1328,154.27,-0,154.27,0,-1.8497,0.1328,154.27,-0,154.27,0,-1.8496,0.1359,154.27,-0,154.27,0,-1.8496,0.1359,154.27,-0,154.27,0,-1.8495,0.1359,154.27,-0,154.27,0,-1.8494,-0.0278,4.0639,0,4.0638,0,0.3003,-0.0278,4.0639,0,4.0638,0,0.3003,-0.0278,4.0639,0,4.0638,0,0.3003,-0.0247,4.0639,0,4.0638,0,0.3003,-0.0247,4.0639,0,4.0638,0,0.3003,0.0124,162.32,-0,162.32,0,0.0014,0.0124,162.32,-0,162.32,0,0.0014,0.0124,162.32,-0,162.32,0,0.0014,0.0124,162.32,-0,162.32,0,0.0014,0.0124,162.32,-0,162.32,0,0.0014,0,1
0,-4.6624,-0,-4.6675,0,-0,-0.032,-4.6624,-0.0031,-4.6675,0,-0,-0.048,-4.6622,-0.0097,-4.6675,0,0,-0.032,-4.662,-0,-4.6675,0,-0,-0.048,-4.6618,-0,-4.6675,0,-0,-3.987,-47.757,0.0647,-47.741,0,34.071,-4.019,-47.758,0.0542,-47.741,0,34.072,-4.035,-47.759,0.0435,-47.741,0,34.074,-4.035,-47.76,0.0385,-47.741,0,34.074,-3.9069,-47.761,0.0946,-47.741,0,34.075,-0.9927,78.761,0,78.761,0,-10.451,-0.9927,78.761,0,78.761,0,-10.45,-0.9927,78.761,0,78.761,0,-10.45,-0.9927,78.761,0,78.761,0,-10.45,-0.9927,78.761,0,78.761,0,-10.449,0.1328,154.27,-0,154.27,0,-1.8497,0.1328,154.27,-0,154.27,0,-1.8497,0.1328,154.27,-0,154.27,0,-1.8496,0.1359,154.27,-0,154.27,0,-1.8496,0.1359,154.27,-0,154.27,0,-1.8495,-0.0278,4.0639,0,4.0638,0,0.3003,-0.0278,4.0639,0,4.0638,0,0.3003,-0.0278,4.0639,0,4.0638,0,0.3003,-0.0278,4.0639,0,4.0638,0,0.3003,-0.0247,4.0639,0,4.0638,0,0.3003,0.0124,162.32,-0,162.32,0,0.0014,0.0124,162.32,-0,162.32,0,0.0014,0.0124,162.32,-0,162.32,0,0.0014,0.0124,162.32,-0,162.32,0,0.0014,0.0124,162.32,-0,162.32,0,0.0014,0,1
0,-4.6624,-0,-4.6675,0,-0,0,-4.6624,-0,-4.6675,0,-0,-0.032,-4.6624,-0.0031,-4.6675,0,-0,-0.048,-4.6622,-0.0097,-4.6675,0,0,-0.032,-4.662,-0,-4.6675,0,-0,-3.9069,-47.755,0.0936,-47.741,0,34.07,-3.987,-47.757,0.0647,-47.741,0,34.071,-4.019,-47.758,0.0542,-47.741,0,34.072,-4.035,-47.759,0.0435,-47.741,0,34.074,-4.035,-47.76,0.0385,-47.741,0,34.074,-0.9927,78.761,0,78.761,0,-10.451,-0.9927,78.761,0,78.761,0,-10.451,-0.9927,78.761,0,78.761,0,-10.45,-0.9927,78.761,0,78.761,0,-10.45,-0.9927,78.761,0,78.761,0,-10.45,0.1328,154.27,-0,154.27,0,-1.8498,0.1328,154.27,-0,154.27,0,-1.8497,0.1328,154.27,-0,154.27,0,-1.8497,0.1328,154.27,-0,154.27,0,-1.8496,0.1359,154.27,-0,154.27,0,-1.8496,-0.0278,4.0639,0,4.0638,0,0.3003,-0.0278,4.0639,0,4.0638,0,0.3003,-0.0278,4.0639,0,4.0638,0,0.3003,-0.0278,4.0639,0,4.0638,0,0.3003,-0.0278,4.0639,0,4.0638,0,0.3003,0.0093,162.32,-0,162.32,0,0.0014,0.0124,162.32,-0,162.32,0,0.0014,0.0124,162.32,-0,162.32,0,0.0014,0.0124,162.32,-0,162.32,0,0.0014,0.0124,162.32,-0,162.32,0,0.0014,0,1
0,-4.6624,-0,-4.6675,0,-0,0,-4.6624,-0,-4.6675,0,-0,0,-4.6624,-0,-4.6675,0,-0,-0.032,-4.6624,-0.0031,-4.6675,0,-0,-0.048,-4.6622,-0.0097,-4.6675,0,0,-3.9069,-47.754,0.0882,-47.741,0,34.069,-3.9069,-47.755,0.0936,-47.741,0,34.07,-3.987,-47.757,0.0647,-47.741,0,34.071,-4.019,-47.758,0.0542,-47.741,0,34.072,-4.035,-47.759,0.0435,-47.741,0,34.074,-0.9927,78.761,0,78.761,0,-10.452,-0.9927,78.761,0,78.761,0,-10.451,-0.9927,78.761,0,78.761,0,-10.451,-0.9927,78.761,0,78.761,0,-10.45,-0.9927,78.761,0,78.761,0,-10.45,0.1328,154.27,-0,154.27,0,-1.8498,0.1328,154.27,-0,154.27,0,-1.8498,0.1328,154.27,-0,154.27,0,-1.8497,0.1328,154.27,-0,154.27,0,-1.8497,0.1328,154.27,-0,154.27,0,-1.8496,-0.0309,4.0639,0,4.0638,0,0.3003,-0.0278,4.0639,0,4.0638,0,0.3003,-0.0278,4.0639,0,4.0638,0,0.3003,-0.0278,4.0639,0,4.0638,0,0.3003,-0.0278,4.0639,0,4.0638,0,0.3003,0.0093,162.32,-0,162.32,0,0.0014,0.0093,162.32,-0,162.32,0,0.0014,0.0124,162.32,-0,162.32,0,0.0014,0.0124,162.32,-0,162.32,0,0.0014,0.0124,162.32,-0,162.32,0,0.0014,0,1
0.016,-4.6624,-0,-4.6675,0,-0,0,-4.6624,-0,-4.6675,0,-0,0,-4.6624,-0,-4.6675,0,-0,0,-4.6624,-0,-4.6675,0,-0,-0.032,-4.6624,-0.0031,-4.6675,0,-0,-3.971,-47.753,0.049,-47.741,0,34.068,-3.9069,-47.754,0.0882,-47.741,0,34.069,-3.9069,-47.755,0.0936,-47.741,0,34.07,-3.987,-47.757,0.0647,-47.741,0,34.071,-4.019,-47.758,0.0542,-47.741,0,34.072,-0.9927,78.761,0,78.761,0,-10.452,-0.9927,78.761,0,78.761,0,-10.452,-0.9927,78.761,0,78.761,0,-10.451,-0.9927,78.761,0,78.761,0,-10.451,-0.9927,78.761,0,78.761,0,-10.45,0.1297,154.27,-0,154.27,0,-1.8499,0.1328,154.27,-0,154.27,0,-1.8498,0.1328,154.27,-0,154.27,0,-1.8498,0.1328,154.27,-0,154.27,0,-1.8497,0.1328,154.27,-0,154.27,0,-1.8497,-0.0309,4.0639,0,4.0638,0,0.3003,-0.0309,4.0639,0,4.0638,0,0.3003,-0.0278,4.0639,0,4.0638,0,0.3003,-0.0278,4.0639,0,4.0638,0,0.3003,-0.0278,4.0639,0,4.0638,0,0.3003,0.0093,162.32,-0,162.32,0,0.0014,0.0093,162.32,-0,162.32,0,0.0014,0.0093,162.32,-0,162.32,0,0.0014,0.0124,162.32,-0,162.32,0,0.0014,0.0124,162.32,-0,162.32,0,0.0014,0,1
0.032,-4.6624,-0,-4.6675,0,-0,0.016,-4.6624,-0,-4.6675,0,-0,0,-4.6624,-0,-4.6675,0,-0,0,-4.6624,-0,-4.6675,0,-0,0,-4.6624,-0,-4.6675,0,-0,-4.035,-47.753,0.015,-47.741,0,34.067,-3.971,-47.753,0.049,-47.741,0,34.068,-3.9069,-47.754,0.0882,-47.741,0,34.069,-3.9069,-47.755,0.0936,-47.741,0,34.07,-3.987,-47.757,0.0647,-47.741,0,34.071,-0.9927,78.761,0,78.761,0,-10.452,-0.9927,78.761,0,78.761,0,-10.452,-0.9927,78.761,0,78.761,0,-10.452,-0.9927,78.761,0,78.761,0,-10.451,-0.9927,78.761,0,78.761,0,-10.451,0.1297,154.27,-0,154.27,0,-1.8499,0.1297,154.27,-0,154.27,0,-1.8499,0.1328,154.27,-0,154.27,0,-1.8498,0.1328,154.27,-0,154.27,0,-1.8498,0.1328,154.27,-0,154.27,0,-1.8497,-0.0309,4.0639,0,4.0638,0,0.3004,-0.0309,4.0639,0,4.0638,0,0.3003,-0.0309,4.0639,0,4.0638,0,0.3003,-0.0278,4.0639,0,4.0638,0,0.3003,-0.0278,4.0639,0,4.0638,0,0.3003,0.0093,162.32,-0,162.32,0,0.0014,0.0093,162.32,-0,162.32,0,0.0014,0.0093,162.32,-0,162.32,0,0.0014,0.0093,162.32,-0,162.32,0,0.0014,0.0124,162.32,-0,162.32,0,0.0014,0,1
0.032,-4.6626,-0.0011,-4.6675,0,-0,0.032,-4.6624,-0,-4.6675,0,-0,0.016,-4.6624,-0,-4.6675,0,-0,0,-4.6624,-0,-4.6675,0,-0,0,-4.6624,-0,-4.6675,0,-0,-4.067,-47.752,0.0085,-47.741,0,34.066,-4.035,-47.753,0.015,-47.741,0,34.067,-3.971,-47.753,0.049,-47.741,0,34.068,-3.9069,-47.754,0.0882,-47.741,0,34.069,-3.9069,-47.755,0.0936,-47.741,0,34.07,-0.9927,78.761,0,78.761,0,-10.453,-0.9927,78.761,0,78.761,0,-10.452,-0.9927,78.761,0,78.761,0,-10.452,-0.9927,78.761,0,78.761,0,-10.452,-0.9927,78.761,0,78.761,0,-10.451,0.1297,154.27,-0,154.27,0,-1.85,0.1297,154.27,-0,154.27,0,-1.8499,0.1297,154.27,-0,154.27,0,-1.8499,0.1328,154.27,-0,154.27,0,-1.8498,0.1328,154.27,-0,154.27,0,-1.8498,-0.0309,4.0639,0,4.0638,0,0.3004,-0.0309,4.0639,0,4.0638,0,0.3004,-0.0309,4.0639,0,4.0638,0,0.3003,-0.0309,4.0639,0,4.0638,0,0.3003,-0.0278,4.0639,0,4.0638,0,0.3003,0.0093,162.32,-0,162.32,0,0.0014,0.0093,162.32,-0,162.32,0,0.0014,0.0093,162.32,-0,162.32,0,0.0014,0.0093,162.32,-0,162.32,0,0.0014,0.0093,162.32,-0,162.32,0,0.0014,0,1
0.032,-4.6629,-0.0083,-4.6675,0,0,0.032,-4.6626,-0.0011,-4.6675,0,-0,0.032,-4.6624,-0,-4.6675,0,-0,0.016,-4.6624,-0,-4.6675,0,-0,0,-4.6624,-0,-4.6675,0,-0,-4.067,-47.752,0.0158,-47.741,0,34.066,-4.067,-47.752,0.0085,-47.741,0,34.066,-4.035,-47.753,0.015,-47.741,0,34.067,-3.971,-47.753,0.049,-47.741,0,34.068,-3.9069,-47.754,0.0882,-47.741,0,34.069,-0.9927,78.761,0,78.761,0,-10.453,-0.9927,78.761,0,78.761,0,-10.453,-0.9927,78.761,0,78.761,0,-10.452,-0.9927,78.761,0,78.761,0,-10.452,-0.9927,78.761,0,78.761,0,-10.452,0.1297,154.27,-0,154.27,0,-1.85,0.1297,154.27,-0,154.27,0,-1.85,0.1297,154.27,-0,154.27,0,-1.8499,0.1297,154.27,-0,154.27,0,-1.8499,0.1328,154.27,-0,154.27,0,-1.8498,-0.0309,4.0639,0,4.0638,0,0.3004,-0.0309,4.0639,0,4.0638,0,0.3004,-0.0309,4.0639,0,4.0638,0,0.3004,-0.0309,4.0639,0,4.0638,0,0.3003,-0.0309,4.0639,0,4.0638,0,0.3003,0.0093,162.32,-0,162.32,0,0.0014,0.0093,162.32,-0,162.32,0,0.0014,0.0093,162.32,-0,162.32,0,0.0014,0.0093,162.32,-0,162.32,0,0.0014,0.0093,162.32,-0,162.32,0,0.0014,0,1
0.048,-4.663,-0,-4.6675,0,-0,0.032,-4.6629,-0.0083,-4.6675,0,0,0.032,-4.6626,-0.0011,-4.6675,0,-0,0.032,-4.6624,-0,-4.6675,0,-0,0.016,-4.6624,-0,-4.6675,0,-0,-4.051,-47.751,0.0245,-47.741,0,34.065,-4.067,-47.752,0.0158,-47.741,0,34.066,-4.067,-47.752,0.0085,-47.741,0,34.066,-4.035,-47.753,0.015,-47.741,0,34.067,-3.971,-47.753,0.049,-47.741,0,34.068,-0.9927,78.761,0,78.761,0,-10.453,-0.9927,78.761,0,78.761,0,-10.453,-0.9927,78.761,0,78.761,0,-10.453,-0.9927,78.761,0,78.761,0,-10.452,-0.9927,78.761,0,78.761,0,-10.452,0.1297,154.27,-0,154.27,0,-1.85,0.1297,154.27,-0,154.27,0,-1.85,0.1297,154.27,-0,154.27,0,-1.85,0.1297,154.27,-0,154.27,0,-1.8499,0.1297,154.27,-0,154.27,0,-1.8499,-0.0309,4.0639,0,4.0638,0,0.3004,-0.0309,4.0639,0,4.0638,0,0.3004,-0.0309,4.0639,0,4.0638,0,0.3004,-0.0309,4.0639,0,4.0638,0,0.3004,-0.0309,4.0639,0,4.0638,0,0.3003,0.0093,162.32,-0,162.32,0,0.0014,0.0093,162.32,-0,162.32,0,0.0014,0.0093,162.32,-0,162.32,0,0.0014,0.0093,162.32,-0,162.32,0,0.0014,0.0093,162.32,-0,162.32,0,0.0014,0,1
0.064,-4.663,-0,-4.6675,0,-0,0.048,-4.663,-0,-4.6675,0,-0,0.032,-4.6629,-0.0083,-4.6675,0,0,0.032,-4.6626,-0.0011,-4.6675,0,-0,0.032,-4.6624,-0,-4.6675,0,-0,-4.067,-47.751,0.0129,-47.741,0,34.065,-4.051,-47.751,0.0245,-47.741,0,34.065,-4.067,-47.752,0.0158,-47.741,0,34.066,-4.067,-47.752,0.0085,-47.741,0,34.066,-4.035,-47.753,0.015,-47.741,0,34.067,-0.9927,78.761,0,78.761,0,-10.453,-0.9927,78.761,0,78.761,0,-10.453,-0.9927,78.761,0,78.761,0,-10.453,-0.9927,78.761,0,78.761,0,-10.453,-0.9927,78.761,0,78.761,0,-10.452,0.1297,154.27,-0,154.27,0,-1.8501,0.1297,154.27,-0,154.27,0,-1.85,0.1297,154.27,-0,154.27,0,-1.85,0.1297,154.27,-0,154.27,0,-1.85,0.1297,154.27,-0,154.27,0,-1.8499,-0.034,4.0639,0,4.0638,0,0.3004,-0.0309,4.0639,0,4.0638,0,0.3004,-0.0309,4.0639,0,4.0638,0,0.3004,-0.0309,4.0639,0,4.0638,0,0.3004,-0.0309,4.0639,0,4.0638,0,0.3004,0.0062,162.32,-0,162.32,0,0.0014,0.0093,162.32,-0,162.32,0,0.0014,0.0093,162.32,-0,162.32,0,0.0014,0.0093,162.32,-0,162.32,0,0.0014,0.0093,162.32,-0,162.32,0,0.0014,0,1
0.0801,-4.663,-0,-4.6675,0,-0,0.064,-4.663,-0,-4.6675,0,-0,0.048,-4.663,-0,-4.6675,0,-0,0.032,-4.6629,-0.0083,-4.6675,0,0,0.032,-4.6626,-0.0011,-4.6675,0,-0,-4.067,-47.75,0.0112,-47.741,0,34.064,-4.067,-47.751,0.0129,-47.741,0,34.065,-4.051,-47.751,0.0245,-47.741,0,34.065,-4.067,-47.752,0.0158,-47.741,0,34.066,-4.067,-47.752,0.0085,-47.741,0,34.066,-0.9927,78.761,0,78.761,0,-10.453,-0.9927,78.761,0,78.761,0,-10.453,-0.9927,78.761,0,78.761,0,-10.453,-0.9927,78.761,0,78.761,0,-10.453,-0.9927,78.761,0,78.761,0,-10.453,0.1267,154.27,-0,154.27,0,-1.8501,0.1297,154.27,-0,154.27,0,-1.8501,0.1297,154.27,-0,154.27,0,-1.85,0.1297,154.27,-0,154.27,0,-1.85,0.1297,154.27,-0,154.27,0,-1.85,-0.034,4.0639,0,4.0638,0,0.3004,-0.034,4.0639,0,4.0638,0,0.3004,-0.0309,4.0639,0,4.0638,0,0.3004,-0.0309,4.0639,0,4.0638,0,0.3004,-0.0309,4.0639,0,4.0638,0,0.3004,0.0062,162.32,-0,162.32,0,0.0014,0.0062,162.32,-0,162.32,0,0.0014,0.0093,162.32,-0,162.32,0,0.0014,0.0093,162.32,-0,162.32,0,0.0014,0.0093,162.32,-0,162.32,0,0.0014,0,1
0.0801,-4.663,-0,-4.6675,0,-0,0.0801,-4.663,-0,-4.6675,0,-0,0.064,-4.663,-0,-4.6675,0,-0,0.048,-4.663,-0,-4.6675,0,-0,0.032,-4.6629,-0.0083,-4.6675,0,0,-4.051,-47.749,0.0222,-47.741,0,34.063,-4.067,-47.75,0.0112,-47.741,0,34.064,-4.067,-47.751,0.0129,-47.741,0,34.065,-4.051,-47.751,0.0245,-47.741,0,34.065,-4.067,-47.752,0.0158,-47.741,0,34.066,-0.9927,78.761,0,78.761,0,-10.454,-0.9927,78.761,0,78.761,0,-10.453,-0.9927,78.761,0,78.761,0,-10.453,-0.9927,78.761,0,78.761,0,-10.453,-0.9927,78.761,0,78.761,0,-10.453,0.1267,154.27,-0,154.27,0,-1.8501,0.1267,154.27,-0,154.27,0,-1.8501,0.1297,154.27,-0,154.27,0,-1.8501,0.1297,154.27,-0,154.27,0,-1.85,0.1297,154.27,-0,154.27,0,-1.85,-0.034,4.0639,0,4.0638,0,0.3004,-0.034,4.0639,0,4.0638,0,0.3004,-0.034,4.0639,0,4.0638,0,0.3004,-0.0309,4.0639,0,4.0638,0,0.3004,-0.0309,4.0639,0,4.0638,0,0.3004,0.0062,162.32,-0,162.32,0,0.0014,0.0062,162.32,-0,162.32,0,0.0014,0.0062,162.32,-0,162.32,0,0.0014,0.0093,162.32,-0,162.32,0,0.0014,0.0093,162.32,-0,162.32,0,0.0014,0,1
0.0961,-4.663,-0,-4.6675,0,-0,0.0801,-4.663,-0,-4.6675,0,-0,0.0801,-4.663,-0,-4.6675,0,-0,0.064,-4.663,-0,-4.6675,0,-0,0.048,-4.663,-0,-4.6675,0,-0,-4.067,-47.749,0.0087,-47.741,0,34.063,-4.051,-47.749,0.0222,-47.741,0,34.063,-4.067,-47.75,0.0112,-47.741,0,34.064,-4.067,-47.751,0.0129,-47.741,0,34.065,-4.051,-47.751,0.0245,-47.741,0,34.065,-0.9927,78.761,0,78.761,0,-10.454,-0.9927,78.761,0,78.761,0,-10.454,-0.9927,78.761,0,78.761,0,-10.453,-0.9927,78.761,0,78.761,0,-10.453,-0.9927,78.761,0,78.761,0,-10.453,0.1267,154.27,-0,154.27,0,-1.8501,0.1267,154.27,-0,154.27,0,-1.8501,0.1267,154.27,-0,154.27,0,-1.8501,0.1297,154.27,-0,154.27,0,-1.8501,0.1297,154.27,-0,154.27,0,-1.85,-0.034,4.0639,0,4.0638,0,0.3004,-0.034,4.0639,0,4.0638,0,0.3004,-0.034,4.0639,0,4.0638,0,0.3004,-0.034,4.0639,0,4.0638,0,0.3004,-0.0309,4.0639,0,4.0638,0,0.3004,0.0062,162.32,-0,162.32,0,0.0014,0.0062,162.32,-0,162.32,0,0.0014,0.0062,162.32,-0,162.32,0,0.0014,0.0062,162.32,-0,162.32,0,0.0014,0.0093,162.32,-0,162.32,0,0.0014,0,1
0.1121,-4.6631,-0,-4.6675,0,-0,0.0961,-4.663,-0,-4.6675,0,-0,0.0801,-4.663,-0,-4.6675,0,-0,0.0801,-4.663,-0,-4.6675,0,-0,0.064,-4.663,-0,-4.6675,0,-0,-4.083,-47.748,0.0089,-47.741,0,34.062,-4.067,-47.749,0.0087,-47.741,0,34.063,-4.051,-47.749,0.0222,-47.741,0,34.063,-4.067,-47.75,0.0112,-47.741,0,34.064,-4.067,-47.751,0.0129,-47.741,0,34.065,-0.9927,78.761,0,78.761,0,-10.454,-0.9927,78.761,0,78.761,0,-10.454,-0.9927,78.761,0,78.761,0,-10.454,-0.9927,78.761,0,78.761,0,-10.453,-0.9927,78.761,0,78.761,0,-10.453,0.1267,154.27,-0,154.27,0,-1.8502,0.1267,154.27,-0,154.27,0,-1.8501,0.1267,154.27,-0,154.27,0,-1.8501,0.1267,154.27,-0,154.27,0,-1.8501,0.1297,154.27,-0,154.27,0,-1.8501,-0.034,4.0639,0,4.0638,0,0.3004,-0.034,4.0639,0,4.0638,0,0.3004,-0.034,4.0639,0,4.0638,0,0.3004,-0.034,4.0639,0,4.0638,0,0.3004,-0.034,4.0639,0,4.0638,0,0.3004,0.0031,162.32,-0,162.32,0,0.0014,0.0062,162.32,-0,162.32,0,0.0014,0.0062,162.32,-0,162.32,0,0.0014,0.0062,162.32,-0,162.32,0,0.0014,0.0062,162.32,-0,162.32,0,0.0014,0,1
0.1121,-4.6633,-0.0003,-4.6675,0,0,0.1121,-4.6631,-0,-4.6675,0,-0,0.0961,-4.663,-0,-4.6675,0,-0,0.0801,-4.663,-0,-4.6675,0,-0,0.0801,-4.663,-0,-4.6675,0,-0,-4.0991,-47.748,0.0008,-47.741,0,34.062,-4.083,-47.748,0.0089,-47.741,0,34.062,-4.067,-47.749,0.0087,-47.741,0,34.063,-4.051,-47.749,0.0222,-47.741,0,34.063,-4.067,-47.75,0.0112,-47.741,0,34.064,-0.9927,78.761,0,78.761,0,-10.454,-0.9927,78.761,0,78.761,0,-10.454,-0.9927,78.761,0,78.761,0,-10.454,-0.9927,78.761,0,78.761,0,-10.454,-0.9927,78.761,0,78.761,0,-10.453,0.1267,154.27,-0,154.27,0,-1.8502,0.1267,154.27,-0,154.27,0,-1.8502,0.1267,154.27,-0,154.27,0,-1.8501,0.1267,154.27,-0,154.27,0,-1.8501,0.1267,154.27,-0,154.27,0,-1.8501,-0.0371,4.0639,0,4.0638,0,0.3004,-0.034,4.0639,0,4.0638,0,0.3004,-0.034,4.0639,0,4.0638,0,0.3004,-0.034,4.0639,0,4.0638,0,0.3004,-0.034,4.0639,0,4.0638,0,0.3004,0.0031,162.32,-0,162.32,0,0.0014,0.0031,162.32,-0,162.32,0,0.0014,0.0062,162.32,-0,162.32,0,0.0014,0.0062,162.32,-0,162.32,0,0.0014,0.0062,162.32,-0,162.32,0,0.0014,0,1
0.1121,-4.6635,-0,-4.6675,0,-0,0.1121,-4.6633,-0.0003,-4.6675,0,0,0.1121,-4.6631,-0,-4.6675,0,-0,0.0961,-4.663,-0,-4.6675,0,-0,0.0801,-4.663,-0,-4.6675,0,-0,-4.1151,-47.748,0.0011,-47.741,0,34.062,-4.0991,-47.748,0.0008,-47.741,0,34.062,-4.083,-47.748,0.0089,-47.741,0,34.062,-4.067,-47.749,0.0087,-47.741,0,34.063,-4.051,-47.749,0.0222,-47.741,0,34.063,-0.9927,78.761,0,78.761,0,-10.454,-0.9927,78.761,0,78.761,0,-10.454,-0.9927,78.761,0,78.761,0,-10.454,-0.9927,78.761,0,78.761,0,-10.454,-0.9927,78.761,0,78.761,0,-10.454,0.1236,154.27,-0,154.27,0,-1.8502,0.1267,154.27,-0,154.27,0,-1.8502,0.1267,154.27,-0,154.27,0,-1.8502,0.1267,154.27,-0,154.27,0,-1.8501,0.1267,154.27,-0,154.27,0,-1.8501,-0.0371,4.0639,0,4.0638,0,0.3004,-0.0371,4.0639,0,4.0638,0,0.3004,-0.034,4.0639,0,4.0638,0,0.3004,-0.034,4.0639,0,4.0638,0,0.3004,-0.034,4.0639,0,4.0638,0,0.3004,0.0031,162.32,-0,162.32,0,0.0014,0.0031,162.32,-0,162.32,0,0.0014,0.0031,162.32,-0,162.32,0,0.0014,0.0062,162.32,-0,162.32,0,0.0014,0.0062,162.32,-0,162.32,0,0.0014,0,1
0.1281,-4.6636,-0,-4.6675,0,-0,0.1121,-4.6635,-0,-4.6675,0,-0,0.1121,-4.6633,-0.0003,-4.6675,0,0,0.1121,-4.6631,-0,-4.6675,0,-0,0.0961,-4.663,-0,-4.6675,0,-0,-4.1151,-47.747,0.0014,-47.741,0,34.061,-4.1151,-47.748,0.0011,-47.741,0,34.062,-4.0991,-47.748,0.0008,-47.741,0,34.062,-4.083,-47.748,0.0089,-47.741,0,34.062,-4.067,-47.749,0.0087,-47.741,0,34.063,-0.9927,78.761,0,78.761,0,-10.454,-0.9927,78.761,0,78.761,0,-10.454,-0.9927,78.761,0,78.761,0,-10.454,-0.9927,78.761,0,78.761,0,-10.454,-0.9927,78.761,0,78.761,0,-10.454,0.1236,154.27,-0,154.27,0,-1.8502,0.1236,154.27,-0,154.27,0,-1.8502,0.1267,154.27,-0,154.27,0,-1.8502,0.1267,154.27,-0,154.27,0,-1.8502,0.1267,154.27,-0,154.27,0,-1.8501,-0.0371,4.0639,0,4.0638,0,0.3004,-0.0371,4.0639,0,4.0638,0,0.3004,-0.0371,4.0639,0,4.0638,0,0.3004,-0.034,4.0639,0,4.0638,0,0.3004,-0.034,4.0639,0,4.0638,0,0.3004,0.0031,162.32,-0,162.32,0,0.0014,0.0031,162.32,-0,162.32,0,0.0014,0.0031,162.32,-0,162.32,0,0.0014,0.0031,162.32,-0,162.32,0,0.0014,0.0062,162.32,-0,162.32,0,0.0014,0,1
0.1281,-4.6636,-0,-4.6675,0,-0,0.1281,-4.6636,-0,-4.6675,0,-0,0.1121,-4.6635,-0,-4.6675,0,-0,0.1121,-4.6633,-0.0003,-4.6675,0,0,0.1121,-4.6631,-0,-4.6675,0,-0,-4.083,-47.747,0.0116,-47.741,0,34.061,-4.1151,-47.747,0.0014,-47.741,0,34.061,-4.1151,-47.748,0.0011,-47.741,0,34.062,-4.0991,-47.748,0.0008,-47.741,0,34.062,-4.083,-47.748,0.0089,-47.741,0,34.062,-0.9927,78.761,0,78.761,0,-10.454,-0.9927,78.761,0,78.761,0,-10.454,-0.9927,78.761,0,78.761,0,-10.454,-0.9927,78.761,0,78.761,0,-10.454,-0.9927,78.761,0,78.761,0,-10.454,0.1236,154.27,-0,154.27,0,-1.8502,0.1236,154.27,-0,154.27,0,-1.8502,0.1236,154.27,-0,154.27,0,-1.8502,0.1267,154.27,-0,154.27,0,-1.8502,0.1267,154.27,-0,154.27,0,-1.8502,-0.0371,4.0639,0,4.0638,0,0.3004,-0.0371,4.0639,0,4.0638,0,0.3004,-0.0371,4.0639,0,4.0638,0,0.3004,-0.0371,4.0639,0,4.0638,0,0.3004,-0.034,4.0639,0,4.0638,0,0.3004,0,162.32,-0,162.32,0,0.0014,0.0031,162.32,-0,162.32,0,0.0014,0.0031,162.32,-0,162.32,0,0.0014,0.0031,162.32,-0,162.32,0,0.0014,0.0031,162.32,-0,162.32,0,0.0014,0,1
0.1441,-4.6636,-0,-4.6675,0,-0,0.1281,-4.6636,-0,-4.6675,0,-0,0.1281,-4.6636,-0,-4.6675,0,-0,0.1121,-4.6635,-0,-4.6675,0,-0,0.1121,-4.6633,-0.0003,-4.6675,0,0,-4.1151,-47.747,0.0013,-47.741,0,34.06,-4.083,-47.747,0.0116,-47.741,0,34.061,-4.1151,-47.747,0.0014,-47.741,0,34.061,-4.1151,-47.748,0.0011,-47.741,0,34.062,-4.0991,-47.748,0.0008,-47.741,0,34.062,-0.9927,78.761,0,78.761,0,-10.454,-0.9927,78.761,0,78.761,0,-10.454,-0.9927,78.761,0,78.761,0,-10.454,-0.9927,78.761,0,78.761,0,-10.454,-0.9927,78.761,0,78.761,0,-10.454,0.1236,154.27,-0,154.27,0,-1.8503,0.1236,154.27,-0,154.27,0,-1.8502,0.1236,154.27,-0,154.27,0,-1.8502,0.1236,154.27,-0,154.27,0,-1.8502,0.1267,154.27,-0,154.27,0,-1.8502,-0.0371,4.0639,0,4.0638,0,0.3004,-0.0371,4.0639,0,4.0638,0,0.3004,-0.0371,4.0639,0,4.0638,0,0.3004,-0.0371,4.0639,0,4.0638,0,0.3004,-0.0371,4.0639,0,4.0638,0,0.3004,0,162.32,-0,162.32,0,0.0014,0,162.32,-0,162.32,0,0.0014,0.0031,162.32,-0,162.32,0,0.0014,0.0031,162.32,-0,162.32,0,0.0014,0.0031,162.32,-0,162.32,0,0.0014,0,1
0.1601,-4.6636,-0,-4.6675,0,-0,0.1441,-4.6636,-0,-4.6675,0,-0,0.1281,-4.6636,-0,-4.6675,0,-0,0.1281,-4.6636,-0,-4.6675,0,-0,0.1121,-4.6635,-0,-4.6675,0,-0,-4.0991,-47.746,0.0032,-47.741,0,34.06,-4.1151,-47.747,0.0013,-47.741,0,34.06,-4.083,-47.747,0.0116,-47.741,0,34.061,-4.1151,-47.747,0.0014,-47.741,0,34.061,-4.1151,-47.748,0.0011,-47.741,0,34.062,-1.0088,78.761,0,78.761,0,-10.455,-0.9927,78.761,0,78.761,0,-10.454,-0.9927,78.761,0,78.761,0,-10.454,-0.9927,78.761,0,78.761,0,-10.454,-0.9927,78.761,0,78.761,0,-10.454,0.1236,154.27,-0,154.27,0,-1.8503,0.1236,154.27,-0,154.27,0,-1.8503,0.1236,154.27,-0,154.27,0,-1.8502,0.1236,154.27,-0,154.27,0,-1.8502,0.1236,154.27,-0,154.27,0,-1.8502,-0.0371,4.0639,0,4.0638,0,0.3004,-0.0371,4.0639,0,4.0638,0,0.3004,-0.0371,4.0639,0,4.0638,0,0.3004,-0.0371,4.0639,0,4.0638,0,0.3004,-0.0371,4.0639,0,4.0638,0,0.3004,0,162.32,-0,162.32,0,0.0014,0,162.32,-0,162.32,0,0.0014,0,162.32,-0,162.32,0,0.0014,0.0031,162.32,-0,162.32,0,0.0014,0.0031,162.32,-0,162.32,0,0.0014,0,1
0.1601,-4.6636,-0,-4.6675,0,-0,0.1601,-4.6636,-0,-4.6675,0,-0,0.1441,-4.6636,-0,-4.6675,0,-0,0.1281,-4.6636,-0,-4.6675,0,-0,0.1281,-4.6636,-0,-4.6675,0,-0,-4.1151,-47.746,0.0003,-47.741,0,34.06,-4.0991,-47.746,0.0032,-47.741,0,34.06,-4.1151,-47.747,0.0013,-47.741,0,34.06,-4.083,-47.747,0.0116,-47.741,0,34.061,-4.1151,-47.747,0.0014,-47.741,0,34.061,-1.0088,78.761,0,78.761,0,-10.455,-1.0088,78.761,0,78.761,0,-10.455,-0.9927,78.761,0,78.761,0,-10.454,-0.9927,78.761,0,78.761,0,-10.454,-0.9927,78.761,0,78.761,0,-10.454,0.1205,154.27,-0,154.27,0,-1.8503,0.1236,154.27,-0,154.27,0,-1.8503,0.1236,154.27,-0,154.27,0,-1.8503,0.1236,154.27,-0,154.27,0,-1.8502,0.1236,154.27,-0,154.27,0,-1.8502,-0.0402,4.0639,0,4.0638,0,0.3004,-0.0371,4.0639,0,4.0638,0,0.3004,-0.0371,4.0639,0,4.0638,0,0.3004,-0.0371,4.0639,0,4.0638,0,0.3004,-0.0371,4.0639,0,4.0638,0,0.3004,0,162.32,-0,162.32,0,0.0014,0,162.32,-0,162.32,0,0.0014,0,162.32,-0,162.32,0,0.0014,0,162.32,-0,162.32,0,0.0014,0.0031,162.32,-0,162.32,0,0.0014,0,1
0.1761,-4.6637,-0,-4.6675,0,0,0.1601,-4.6636,-0,-4.6675,0,-0,0.1601,-4.6636,-0,-4.6675,0,-0,0.1441,-4.6636,-0,-4.6675,0,-0,0.1281,-4.6636,-0,-4.6675,0,-0,-4.1151,-47.746,-0,-47.741,0,34.059,-4.1151,-47.746,0.0003,-47.741,0,34.06,-4.0991,-47.746,0.0032,-47.741,0,34.06,-4.1151,-47.747,0.0013,-47.741,0,34.06,-4.083,-47.747,0.0116,-47.741,0,34.061,-1.0088,78.761,0,78.761,0,-10.455,-1.0088,78.761,0,78.761,0,-10.455,-1.0088,78.761,0,78.761,0,-10.455,-0.9927,78.761,0,78.761,0,-10.454,-0.9927,78.761,0,78.761,0,-10.454,0.1205,154.27,-0,154.27,0,-1.8503,0.1205,154.27,-0,154.27,0,-1.8503,0.1236,154.27,-0,154.27,0,-1.8503,0.1236,154.27,-0,154.27,0,-1.8503,0.1236,154.27,-0,154.27,0,-1.8502,-0.0402,4.0639,0,4.0638,0,0.3004,-0.0402,4.0639,0,4.0638,0,0.3004,-0.0371,4.0639,0,4.0638,0,0.3004,-0.0371,4.0639,0,4.0638,0,0.3004,-0.0371,4.0639,0,4.0638,0,0.3004,0,162.32,-0,162.32,0,0.0014,0,162.32,-0,162.32,0,0.0014,0,162.32,-0,162.32,0,0.0014,0,162.32,-0,162.32,0,0.0014,0,162.32,-0,162.32,0,0.0014,0,1
0.1601,-4.664,-0.0061,-4.6675,0,0,0.1761,-4.6637,-0,-4.6675,0,0,0.1601,-4.6636,-0,-4.6675,0,-0,0.1601,-4.6636,-0,-4.6675,0,-0,0.1441,-4.6636,-0,-4.6675,0,-0,-4.1151,-47.745,0.0043,-47.741,0,34.059,-4.1151,-47.746,-0,-47.741,0,34.059,-4.1151,-47.746,0.0003,-47.741,0,34.06,-4.0991,-47.746,0.0032,-47.741,0,34.06,-4.1151,-47.747,0.0013,-47.741,0,34.06,-1.0088,78.761,0,78.761,0,-10.455,-1.0088,78.761,0,78.761,0,-10.455,-1.0088,78.761,0,78.761,0,-10.455,-1.0088,78.761,0,78.761,0,-10.455,-0.9927,78.761,0,78.761,0,-10.454,0.1205,154.27,-0,154.27,0,-1.8503,0.1205,154.27,-0,154.27,0,-1.8503,0.1205,154.27,-0,154.27,0,-1.8503,0.1236,154.27,-0,154.27,0,-1.8503,0.1236,154.27,-0,154.27,0,-1.8503,-0.0402,4.0639,0,4.0638,0,0.3004,-0.0402,4.0639,0,4.0638,0,0.3004,-0.0402,4.0639,0,4.0638,0,0.3004,-0.0371,4.0639,0,4.0638,0,0.3004,-0.0371,4.0639,0,4.0638,0,0.3004,0,162.32,-0,162.32,0,0.0014,0,162.32,-0,162.32,0,0.0014,0,162.32,-0,162.32,0,0.0014,0,162.32,-0,162.32,0,0.0014,0,162.32,-0,162.32,0,0.0014,0,1
0.1761,-4.6641,-0,-4.6675,0,-0,0.1601,-4.664,-0.0061,-4.6675,0,0,0.1761,-4.6637,-0,-4.6675,0,0,0.1601,-4.6636,-0,-4.6675,0,-0,0.1601,-4.6636,-0,-4.6675,0,-0,-4.0991,-47.745,0.0072,-47.741,0,34.059,-4.1151,-47.745,0.0043,-47.741,0,34.059,-4.1151,-47.746,-0,-47.741,0,34.059,-4.1151,-47.746,0.0003,-47.741,0,34.06,-4.0991,-47.746,0.0032,-47.741,0,34.06,-1.0088,78.761,0,78.761,0,-10.455,-1.0088,78.761,0,78.761,0,-10.455,-1.0088,78.761,0,78.761,0,-10.455,-1.0088,78.761,0,78.761,0,-10.455,-1.0088,78.761,0,78.761,0,-10.455,0.1205,154.27,-0,154.27,0,-1.8503,0.1205,154.27,-0,154.27,0,-1.8503,0.1205,154.27,-0,154.27,0,-1.8503,0.1205,154.27,-0,154.27,0,-1.8503,0.1236,154.27,-0,154.27,0,-1.8503,-0.0402,4.0639,0,4.0638,0,0.3004,-0.0402,4.0639,0,4.0638,0,0.3004,-0.0402,4.0639,0,4.0638,0,0.3004,-0.0402,4.0639,0,4.0638,0,0.3004,-0.0371,4.0639,0,4.0638,0,0.3004,0,162.32,-0,162.32,0,0.0014,0,162.32,-0,162.32,0,0.0014,0,162.32,-0,162.32,0,0.0014,0,162.32,-0,162.32,0,0.0014,0,162.32,-0,162.32,0,0.0014,0,1
0.1921,-4.6641,-0,-4.6675,0,-0,0.1761,-4.6641,-0,-4.6675,0,-0,0.1601,-4.664,-0.0061,-4.6675,0,0,0.1761,-4.6637,-0,-4.6675,0,0,0.1601,-4.6636,-0,-4.6675,0,-0,-4.1151,-47.745,0.0001,-47.741,0,34.059,-4.0991,-47.745,0.0072,-47.741,0,34.059,-4.1151,-47.745,0.0043,-47.741,0,34.059,-4.1151,-47.746,-0,-47.741,0,34.059,-4.1151,-47.746,0.0003,-47.741,0,34.06,-1.0088,78.761,0,78.761,0,-10.455,-1.0088,78.761,0,78.761,0,-10.455,-1.0088,78.761,0,78.761,0,-10.455,-1.0088,78.761,0,78.761,0,-10.455,-1.0088,78.761,0,78.761,0,-10.455,0.1205,154.27,-0,154.27,0,-1.8504,0.1205,154.27,-0,154.27,0,-1.8503,0.1205,154.27,-0,154.27,0,-1.8503,0.1205,154.27,-0,154.27,0,-1.8503,0.1205,154.27,-0,154.27,0,-1.8503,-0.0402,4.0639,0,4.0638,0,0.3004,-0.0402,4.0639,0,4.0638,0,0.3004,-0.0402,4.0639,0,4.0638,0,0.3004,-0.0402,4.0639,0,4.0638,0,0.3004,-0.0402,4.0639,0,4.0638,0,0.3004,0,162.32,-0,162.32,0,0.0014,0,162.32,-0,162.32,0,0.0014,0,162.32,-0,162.32,0,0.0014,0,162.32,-0,162.32,0,0.0014,0,162.32,-0,162.32,0,0.0014,0,1
0.1921,-4.6641,-0,-4.6675,0,-0,0.1921,-4.6641,-0,-4.6675,0,-0,0.1761,-4.6641,-0,-4.6675,0,-0,0.1601,-4.664,-0.0061,-4.6675,0,0,0.1761,-4.6637,-0,-4.6675,0,0,-4.1151,-47.745,0.001,-47.741,0,34.058,-4.1151,-47.745,0.0001,-47.741,0,34.059,-4.0991,-47.745,0.0072,-47.741,0,34.059,-4.1151,-47.745,0.0043,-47.741,0,34.059,-4.1151,-47.746,-0,-47.741,0,34.059,-1.0088,78.761,0,78.761,0,-10.455,-1.0088,78.761,0,78.761,0,-10.455,-1.0088,78.761,0,78.761,0,-10.455,-1.0088,78.761,0,78.761,0,-10.455,-1.0088,78.761,0,78.761,0,-10.455,0.1205,154.27,-0,154.27,0,-1.8504,0.1205,154.27,-0,154.27,0,-1.8504,0.1205,154.27,-0,154.27,0,-1.8503,0.1205,154.27,-0,154.27,0,-1.8503,0.1205,154.27,-0,154.27,0,-1.8503,-0.0432,4.0639,0,4.0638,0,0.3004,-0.0402,4.0639,0,4.0638,0,0.3004,-0.0402,4.0639,0,4.0638,0,0.3004,-0.0402,4.0639,0,4.0638,0,0.3004,-0.0402,4.0639,0,4.0638,0,0.3004,0,162.32,-0,162.32,0,0.0014,0,162.32,-0,162.32,0,0.0014,0,162.32,-0,162.32,0,0.0014,0,162.32,-0,162.32,0,0.0014,0,162.32,-0,162.32,0,0.0014,0,1
0.2082,-4.6641,-0,-4.6675,0,-0,0.1921,-4.6641,-0,-4.6675,0,-0,0.1921,-4.6641,-0,-4.6675,0,-0,0.1761,-4.6641,-0,-4.6675,0,-0,0.1601,-4.664,-0.0061,-4.6675,0,0,-4.0991,-47.744,0.0101,-47.741,0,34.058,-4.1151,-47.745,0.001,-47.741,0,34.058,-4.1151,-47.745,0.0001,-47.741,0,34.059,-4.0991,-47.745,0.0072,-47.741,0,34.059,-4.1151,-47.745,0.0043,-47.741,0,34.059,-1.0088,78.761,0,78.761,0,-10.455,-1.0088,78.761,0,78.761,0,-10.455,-1.0088,78.761,0,78.761,0,-10.455,-1.0088,78.761,0,78.761,0,-10.455,-1.0088,78.761,0,78.761,0,-10.455,0.1174,154.27,-0,154.27,0,-1.8504,0.1205,154.27,-0,154.27,0,-1.8504,0.1205,154.27,-0,154.27,0,-1.8504,0.1205,154.27,-0,154.27,0,-1.8503,0.1205,154.27,-0,154.27,0,-1.8503,-0.0432,4.0639,0,4.0638,0,0.3004,-0.0432,4.0639,0,4.0638,0,0.3004,-0.0402,4.0639,0,4.0638,0,0.3004,-0.0402,4.0639,0,4.0638,0,0.3004,-0.0402,4.0639,0,4.0638,0,0.3004,-0.0031,162.32,-0,162.32,0,0.0014,0,162.32,-0,162.32,0,0.0014,0,162.32,-0,162.32,0,0.0014,0,162.32,-0,162.32,0,0.0014,0,162.32,-0,162.32,0,0.0014,0,1
0.2082,-4.6641,-0,-4.6675,0,-0,0.2082,-4.6641,-0,-4.6675,0,-0,0.1921,-4.6641,-0,-4.6675,0,-0,0.1921,-4.6641,-0,-4.6675,0,-0,0.1761,-4.6641,-0,-4.6675,0,-0,-4.1151,-47.744,-0,-47.741,0,34.058,-4.0991,-47.744,0.0101,-47.741,0,34.058,-4.1151,-47.745,0.001,-47.741,0,34.058,-4.1151,-47.745,0.0001,-47.741,0,34.059,-4.0991,-47.745,0.0072,-47.741,0,34.059,-1.0088,78.761,0,78.761,0,-10.455,-1.0088,78.761,0,78.761,0,-10.455,-1.0088,78.761,0,78.761,0,-10.455,-1.0088,78.761,0,78.761,0,-10.455,-1.0088,78.761,0,78.761,0,-10.455,0.1174,154.27,-0,154.27,0,-1.8504,0.1174,154.27,-0,154.27,0,-1.8504,0.1205,154.27,-0,154.27,0,-1.8504,0.1205,154.27,-0,154.27,0,-1.8504,0.1205,154.27,-0,154.27,0,-1.8503,-0.0432,4.0639,0,4.0638,0,0.3004,-0.0432,4.0639,0,4.0638,0,0.3004,-0.0432,4.0639,0,4.0638,0,0.3004,-0.0402,4.0639,0,4.0638,0,0.3004,-0.0402,4.0639,0,4.0638,0,0.3004,-0.0031,162.32,-0,162.32,0,0.0014,-0.0031,162.32,-0,162.32,0,0.0014,0,162.32,-0,162.32,0,0.0014,0,162.32,-0,162.32,0,0.0014,0,162.32,-0,162.32,0,0.0014,0,1
0.2242,-4.6642,-0,-4.6675,0,-0,0.2082,-4.6641,-0,-4.6675,0,-0,0.2082,-4.6641,-0,-4.6675,0,-0,0.1921,-4.6641,-0,-4.6675,0,-0,0.1921,-4.6641,-0,-4.6675,0,-0,-4.1311,-47.744,-0,-47.741,0,34.058,-4.1151,-47.744,-0,-47.741,0,34.058,-4.0991,-47.744,0.0101,-47.741,0,34.058,-4.1151,-47.745,0.001,-47.741,0,34.058,-4.1151,-47.745,0.0001,-47.741,0,34.059,-1.0088,78.761,0,78.761,0,-10.455,-1.0088,78.761,0,78.761,0,-10.455,-1.0088,78.761,0,78.761,0,-10.455,-1.0088,78.761,0,78.761,0,-10.455,-1.0088,78.761,0,78.761,0,-10.455,0.1174,154.27,-0,154.27,0,-1.8504,0.1174,154.27,-0,154.27,0,-1.8504,0.1174,154.27,-0,154.27,0,-1.8504,0.1205,154.27,-0,154.27,0,-1.8504,0.1205,154.27,-0,154.27,0,-1.8504,-0.0432,4.0639,0,4.0638,0,0.3004,-0.0432,4.0639,0,4.0638,0,0.3004,-0.0432,4.0639,0,4.0638,0,0.3004,-0.0432,4.0639,0,4.0638,0,0.3004,-0.0402,4.0639,0,4.0638,0,0.3004,-0.0031,162.32,-0,162.32,0,0.0014,-0.0031,162.32,-0,162.32,0,0.0014,-0.0031,162.32,-0,162.32,0,0.0014,0,162.32,-0,162.32,0,0.0014,0,162.32,-0,162.32,0,0.0014,0,1
0.2082,-4.6644,-0.0051,-4.6675,0,0,0.2242,-4.6642,-0,-4.6675,0,-0,0.2082,-4.6641,-0,-4.6675,0,-0,0.2082,-4.6641,-0,-4.6675,0,-0,0.1921,-4.6641,-0,-4.6675,0,-0,-4.1151,-47.744,0.0048,-47.741,0,34.058,-4.1311,-47.744,-0,-47.741,0,34.058,-4.1151,-47.744,-0,-47.741,0,34.058,-4.0991,-47.744,0.0101,-47.741,0,34.058,-4.1151,-47.745,0.001,-47.741,0,34.058,-1.0088,78.761,0,78.761,0,-10.456,-1.0088,78.761,0,78.761,0,-10.455,-1.0088,78.761,0,78.761,0,-10.455,-1.0088,78.761,0,78.761,0,-10.455,-1.0088,78.761,0,78.761,0,-10.455,0.1174,154.27,-0,154.27,0,-1.8504,0.1174,154.27,-0,154.27,0,-1.8504,0.1174,154.27,-0,154.27,0,-1.8504,0.1174,154.27,-0,154.27,0,-1.8504,0.1205,154.27,-0,154.27,0,-1.8504,-0.0432,4.0639,0,4.0638,0,0.3004,-0.0432,4.0639,0,4.0638,0,0.3004,-0.0432,4.0639,0,4.0638,0,0.3004,-0.0432,4.0639,0,4.0638,0,0.3004,-0.0432,4.0639,0,4.0638,0,0.3004,-0.0031,162.32,-0,162.32,0,0.0014,-0.0031,162.32,-0,162.32,0,0.0014,-0.0031,162.32,-0,162.32,0,0.0014,-0.0031,162.32,-0,162.32,0,0.0014,0,162.32,-0,162.32,0,0.0014,0,1
0.2242,-4.6646,-0,-4.6675,0,0,0.2082,-4.6644,-0.0051,-4.6675,0,0,0.2242,-4.6642,-0,-4.6675,0,-0,0.2082,-4.6641,-0,-4.6675,0,-0,0.2082,-4.6641,-0,-4.6675,0,-0,-4.1151,-47.744,0.0078,-47.741,0,34.057,-4.1151,-47.744,0.0048,-47.741,0,34.058,-4.1311,-47.744,-0,-47.741,0,34.058,-4.1151,-47.744,-0,-47.741,0,34.058,-4.0991,-47.744,0.0101,-47.741,0,34.058,-1.0088,78.761,0,78.761,0,-10.456,-1.0088,78.761,0,78.761,0,-10.456,-1.0088,78.761,0,78.761,0,-10.455,-1.0088,78.761,0,78.761,0,-10.455,-1.0088,78.761,0,78.761,0,-10.455,0.1174,154.27,-0,154.27,0,-1.8504,0.1174,154.27,-0,154.27,0,-1.8504,0.1174,154.27,-0,154.27,0,-1.8504,0.1174,154.27,-0,154.27,0,-1.8504,0.1174,154.27,-0,154.27,0,-1.8504,-0.0463,4.0639,0,4.0638,0,0.3004,-0.0432,4.0639,0,4.0638,0,0.3004,-0.0432,4.0639,0,4.0638,0,0.3004,-0.0432,4.0639,0,4.0638,0,0.3004,-0.0432,4.0639,0,4.0638,0,0.3004,-0.0031,162.32,-0,162.32,0,0.0014,-0.0031,162.32,-0,162.32,0,0.0014,-0.0031,162.32,-0,162.32,0,0.0014,-0.0031,162.32,-0,162.32,0,0.0014,-0.0031,162.32,-0,162.32,0,0.0014,0,1
0.2242,-4.6646,-0,-4.6675,0,0,0.2242,-4.6646,-0,-4.6675,0,0,0.2082,-4.6644,-0.0051,-4.6675,0,0,0.2242,-4.6642,-0,-4.6675,0,-0,0.2082,-4.6641,-0,-4.6675,0,-0,-4.1151,-47.744,0.0076,-47.741,0,34.057,-4.1151,-47.744,0.0078,-47.741,0,34.057,-4.1151,-47.744,0.0048,-47.741,0,34.058,-4.1311,-47.744,-0,-47.741,0,34.058,-4.1151,-47.744,-0,-47.741,0,34.058,-1.0088,78.761,0,78.761,0,-10.456,-1.0088,78.761,0,78.761,0,-10.456,-1.0088,78.761,0,78.761,0,-10.456,-1.0088,78.761,0,78.761,0,-10.455,-1.0088,78.761,0,78.761,0,-10.455,0.1143,154.27,-0,154.27,0,-1.8504,0.1174,154.27,-0,154.27,0,-1.8504,0.1174,154.27,-0,154.27,0,-1.8504,0.1174,154.27,-0,154.27,0,-1.8504,0.1174,154.27,-0,154.27,0,-1.8504,-0.0463,4.0639,0,4.0638,0,0.3004,-0.0463,4.0639,0,4.0638,0,0.3004,-0.0432,4.0639,0,4.0638,0,0.3004,-0.0432,4.0639,0,4.0638,0,0.3004,-0.0432,4.0639,0,4.0638,0,0.3004,-0.0062,162.32,-0,162.32,0,0.0014,-0.0031,162.32,-0,162.32,0,0.0014,-0.0031,162.32,-0,162.32,0,0.0014,-0.0031,162.32,-0,162.32,0,0.0014,-0.0031,162.32,-0,162.32,0,0.0014,0,1
0.2402,-4.6646,-0,-4.6675,0,0,0.2242,-4.6646,-0,-4.6675,0,0,0.2242,-4.6646,-0,-4.6675,0,0,0.2082,-4.6644,-0.0051,-4.6675,0,0,0.2242,-4.6642,-0,-4.6675,0,-0,-4.1151,-47.743,0.0016,-47.741,0,34.057,-4.1151,-47.744,0.0076,-47.741,0,34.057,-4.1151,-47.744,0.0078,-47.741,0,34.057,-4.1151,-47.744,0.0048,-47.741,0,34.058,-4.1311,-47.744,-0,-47.741,0,34.058,-1.0088,78.761,0,78.761,0,-10.456,-1.0088,78.761,0,78.761,0,-10.456,-1.0088,78.761,0,78.761,0,-10.456,-1.0088,78.761,0,78.761,0,-10.456,-1.0088,78.761,0,78.761,0,-10.455,0.1143,154.27,-0,154.27,0,-1.8504,0.1143,154.27,-0,154.27,0,-1.8504,0.1174,154.27,-0,154.27,0,-1.8504,0.1174,154.27,-0,154.27,0,-1.8504,0.1174,154.27,-0,154.27,0,-1.8504,-0.0463,4.0639,0,4.0638,0,0.3004,-0.0463,4.0639,0,4.0638,0,0.3004,-0.0463,4.0639,0,4.0638,0,0.3004,-0.0432,4.0639,0,4.0638,0,0.3004,-0.0432,4.0639,0,4.0638,0,0.3004,-0.0062,162.32,-0,162.32,0,0.0014,-0.0062,162.32,-0,162.32,0,0.0014,-0.0031,162.32,-0,162.32,0,0.0014,-0.0031,162.32,-0,162.32,0,0.0014,-0.0031,162.32,-0,162.32,0,0.0014,0,1
0.2402,-4.6646,-0,-4.6675,0,-0,0.2402,-4.6646,-0,-4.6675,0,0,0.2242,-4.6646,-0,-4.6675,0,0,0.2242,-4.6646,-0,-4.6675,0,0,0.2082,-4.6644,-0.0051,-4.6675,0,0,-4.1151,-47.743,0.0036,-47.741,0,34.057,-4.1151,-47.743,0.0016,-47.741,0,34.057,-4.1151,-47.744,0.0076,-47.741,0,34.057,-4.1151,-47.744,0.0078,-47.741,0,34.057,-4.1151,-47.744,0.0048,-47.741,0,34.058,-1.0088,78.761,0,78.761,0,-10.456,-1.0088,78.761,0,78.761,0,-10.456,-1.0088,78.761,0,78.761,0,-10.456,-1.0088,78.761,0,78.761,0,-10.456,-1.0088,78.761,0,78.761,0,-10.456,0.1143,154.27,-0,154.27,0,-1.8504,0.1143,154.27,-0,154.27,0,-1.8504,0.1143,154.27,-0,154.27,0,-1.8504,0.1174,154.27,-0,154.27,0,-1.8504,0.1174,154.27,-0,154.27,0,-1.8504,-0.0463,4.0639,0,4.0638,0,0.3005,-0.0463,4.0639,0,4.0638,0,0.3004,-0.0463,4.0639,0,4.0638,0,0.3004,-0.0463,4.0639,0,4.0638,0,0.3004,-0.0432,4.0639,0,4.0638,0,0.3004,-0.0062,162.32,-0,162.32,0,0.0014,-0.0062,162.32,-0,162.32,0,0.0014,-0.0062,162.32,-0,162.32,0,0.0014,-0.0031,162.32,-0,162.32,0,0.0014,-0.0031,162.32,-0,162.32,0,0.0014,0,1
0.2562,-4.6647,-0.001,-4.6675,0,0,0.2402,-4.6646,-0,-4.6675,0,-0,0.2402,-4.6646,-0,-4.6675,0,0,0.2242,-4.6646,-0,-4.6675,0,0,0.2242,-4.6646,-0,-4.6675,0,0,-4.1151,-47.743,0.0017,-47.741,0,34.057,-4.1151,-47.743,0.0036,-47.741,0,34.057,-4.1151,-47.743,0.0016,-47.741,0,34.057,-4.1151,-47.744,0.0076,-47.741,0,34.057,-4.1151,-47.744,0.0078,-47.741,0,34.057,-1.0088,78.761,0,78.761,0,-10.456,-1.0088,78.761,0,78.761,0,-10.456,-1.0088,78.761,0,78.761,0,-10.456,-1.0088,78.761,0,78.761,0,-10.456,-1.0088,78.761,0,78.761,0,-10.456,0.1143,154.27,-0,154.27,0,-1.8505,0.1143,154.27,-0,154.27,0,-1.8504,0.1143,154.27,-0,154.27,0,-1.8504,0.1143,154.27,-0,154.27,0,-1.8504,0.1174,154.27,-0,154.27,0,-1.8504,-0.0463,4.0639,0,4.0638,0,0.3005,-0.0463,4.0639,0,4.0638,0,0.3005,-0.0463,4.0639,0,4.0638,0,0.3004,-0.0463,4.0639,0,4.0638,0,0.3004,-0.0463,4.0639,0,4.0638,0,0.3004,-0.0062,162.32,-0,162.32,0,0.0014,-0.0062,162.32,-0,162.32,0,0.0014,-0.0062,162.32,-0,162.32,0,0.0014,-0.0062,162.32,-0,162.32,0,0.0014,-0.0031,162.32,-0,162.32,0,0.0014,0,1
0.2562,-4.6647,-0,-4.6675,0,-0,0.2562,-4.6647,-0.001,-4.6675,0,0,0.2402,-4.6646,-0,-4.6675,0,-0,0.2402,-4.6646,-0,-4.6675,0,0,0.2242,-4.6646,-0,-4.6675,0,0,-4.1151,-47.743,-0,-47.741,0,34.056,-4.1151,-47.743,0.0017,-47.741,0,34.057,-4.1151,-47.743,0.0036,-47.741,0,34.057,-4.1151,-47.743,0.0016,-47.741,0,34.057,-4.1151,-47.744,0.0076,-47.741,0,34.057,-1.0088,78.761,0,78.761,0,-10.456,-1.0088,78.761,0,78.761,0,-10.456,-1.0088,78.761,0,78.761,0,-10.456,-1.0088,78.761,0,78.761,0,-10.456,-1.0088,78.761,0,78.761,0,-10.456,0.1143,154.27,-0,154.27,0,-1.8505,0.1143,154.27,-0,154.27,0,-1.8505,0.1143,154.27,-0,154.27,0,-1.8504,0.1143,154.27,-0,154.27,0,-1.8504,0.1143,154.27,-0,154.27,0,-1.8504,-0.0463,4.0639,0,4.0638,0,0.3005,-0.0463,4.0639,0,4.0638,0,0.3005,-0.0463,4.0639,0,4.0638,0,0.3005,-0.0463,4.0639,0,4.0638,0,0.3004,-0.0463,4.0639,0,4.0638,0,0.3004,-0.0062,162.32,-0,162.32,0,0.0014,-0.0062,162.32,-0,162.32,0,0.0014,-0.0062,162.32,-0,162.32,0,0.0014,-0.0062,162.32,-0,162.32,0,0.0014,-0.0062,162.32,-0,162.32,0,0.0014,0,1
0.2562,-4.6648,-0,-4.6675,0,0,0.2562,-4.6647,-0,-4.6675,0,-0,0.2562,-4.6647,-0.001,-4.6675,0,0,0.2402,-4.6646,-0,-4.6675,0,-0,0.2402,-4.6646,-0,-4.6675,0,0,-4.1151,-47.743,-0,-47.741,0,34.056,-4.1151,-47.743,-0,-47.741,0,34.056,-4.1151,-47.743,0.0017,-47.741,0,34.057,-4.1151,-47.743,0.0036,-47.741,0,34.057,-4.1151,-47.743,0.0016,-47.741,0,34.057,-1.0088,78.761,0,78.761,0,-10.456,-1.0088,78.761,0,78.761,0,-10.456,-1.0088,78.761,0,78.761,0,-10.456,-1.0088,78.761,0,78.761,0,-10.456,-1.0088,78.761,0,78.761,0,-10.456,0.1143,154.27,-0,154.27,0,-1.8505,0.1143,154.27,-0,154.27,0,-1.8505,0.1143,154.27,-0,154.27,0,-1.8505,0.1143,154.27,-0,154.27,0,-1.8504,0.1143,154.27,-0,154.27,0,-1.8504,-0.0494,4.0639,0,4.0638,0,0.3005,-0.0463,4.0639,0,4.0638,0,0.3005,-0.0463,4.0639,0,4.0638,0,0.3005,-0.0463,4.0639,0,4.0638,0,0.3005,-0.0463,4.0639,0,4.0638,0,0.3004,-0.0093,162.32,-0,162.32,0,0.0014,-0.0062,162.32,-0,162.32,0,0.0014,-0.0062,162.32,-0,162.32,0,0.0014,-0.0062,162.32,-0,162.32,0,0.0014,-0.0062,162.32,-0,162.32,0,0.0014,0,1
0.2562,-4.665,-0.0002,-4.6675,0,0,0.2562,-4.6648,-0,-4.6675,0,0,0.2562,-4.6647,-0,-4.6675,0,-0,0.2562,-4.6647,-0.001,-4.6675,0,0,0.2402,-4.6646,-0,-4.6675,0,-0,-4.1151,-47.743,-0,-47.741,0,34.056,-4.1151,-47.743,-0,-47.741,0,34.056,-4.1151,-47.743,-0,-47.741,0,34.056,-4.1151,-47.743,0.0017,-47.741,0,34.057,-4.1151,-47.743,0.0036,-47.741,0,34.057,-1.0088,78.761,0,78.761,0,-10.456,-1.0088,78.761,0,78.761,0,-10.456,-1.0088,78.761,0,78.761,0,-10.456,-1.0088,78.761,0,78.761,0,-10.456,-1.0088,78.761,0,78.761,0,-10.456,0.1112,154.27,-0,154.27,0,-1.8505,0.1143,154.27,-0,154.27,0,-1.8505,0.1143,154.27,-0,154.27,0,-1.8505,0.1143,154.27,-0,154.27,0,-1.8505,0.1143,154.27,-0,154.27,0,-1.8504,-0.0494,4.0639,0,4.0638,0,0.3005,-0.0494,4.0639,0,4.0638,0,0.3005,-0.0463,4.0639,0,4.0638,0,0.3005,-0.0463,4.0639,0,4.0638,0,0.3005,-0.0463,4.0639,0,4.0638,0,0.3005,-0.0093,162.32,-0,162.32,0,0.0014,-0.0093,162.32,-0,162.32,0,0.0014,-0.0062,162.32,-0,162.32,0,0.0014,-0.0062,162.32,-0,162.32,0,0.0014,-0.0062,162.32,-0,162.32,0,0.0014,0,1
0.2722,-4.6651,-0,-4.6675,0,-0,0.2562,-4.665,-0.0002,-4.6675,0,0,0.2562,-4.6648,-0,-4.6675,0,0,0.2562,-4.6647,-0,-4.6675,0,-0,0.2562,-4.6647,-0.001,-4.6675,0,0,-4.1151,-47.743,-0,-47.741,0,34.056,-4.1151,-47.743,-0,-47.741,0,34.056,-4.1151,-47.743,-0,-47.741,0,34.056,-4.1151,-47.743,-0,-47.741,0,34.056,-4.1151,-47.743,0.0017,-47.741,0,34.057,-1.0088,78.761,0,78.761,0,-10.456,-1.0088,78.761,0,78.761,0,-10.456,-1.0088,78.761,0,78.761,0,-10.456,-1.0088,78.761,0,78.761,0,-10.456,-1.0088,78.761,0,78.761,0,-10.456,0.1112,154.27,-0,154.27,0,-1.8505,0.1112,154.27,-0,154.27,0,-1.8505,0.1143,154.27,-0,154.27,0,-1.8505,0.1143,154.27,-0,154.27,0,-1.8505,0.1143,154.27,-0,154.27,0,-1.8505,-0.0494,4.0639,0,4.0638,0,0.3005,-0.0494,4.0639,0,4.0638,0,0.3005,-0.0494,4.0639,0,4.0638,0,0.3005,-0.0463,4.0639,0,4.0638,0,0.3005,-0.0463,4.0639,0,4.0638,0,0.3005,-0.0093,162.32,-0,162.32,0,0.0014,-0.0093,162.32,-0,162.32,0,0.0014,-0.0093,162.32,-0,162.32,0,0.0014,-0.0062,162.32,-0,162.32,0,0.0014,-0.0062,162.32,-0,162.32,0,0.0014,0,1
0.2722,-4.6652,-0,-4.6675,0,0,0.2722,-4.6651,-0,-4.6675,0,-0,0.2562,-4.665,-0.0002,-4.6675,0,0,0.2562,-4.6648,-0,-4.6675,0,0,0.2562,-4.6647,-0,-4.6675,0,-0,-4.1151,-47.742,-0,-47.741,0,34.056,-4.1151,-47.743,-0,-47.741,0,34.056,-4.1151,-47.743,-0,-47.741,0,34.056,-4.1151,-47.743,-0,-47.741,0,34.056,-4.1151,-47.743,-0,-47.741,0,34.056,-1.0088,78.761,0,78.761,0,-10.456,-1.0088,78.761,0,78.761,0,-10.456,-1.0088,78.761,0,78.761,0,-10.456,-1.0088,78.761,0,78.761,0,-10.456,-1.0088,78.761,0,78.761,0,-10.456,0.1112,154.27,-0,154.27,0,-1.8505,0.1112,154.27,-0,154.27,0,-1.8505,0.1112,154.27,-0,154.27,0,-1.8505,0.1143,154.27,-0,154.27,0,-1.8505,0.1143,154.27,-0,154.27,0,-1.8505,-0.0494,4.0639,0,4.0638,0,0.3005,-0.0494,4.0639,0,4.0638,0,0.3005,-0.0494,4.0639,0,4.0638,0,0.3005,-0.0494,4.0639,0,4.0638,0,0.3005,-0.0463,4.0639,0,4.0638,0,0.3005,-0.0093,162.32,-0,162.32,0,0.0014,-0.0093,162.32,-0,162.32,0,0.0014,-0.0093,162.32,-0,162.32,0,0.0014,-0.0093,162.32,-0,162.32,0,0.0014,-0.0062,162.32,-0,162.32,0,0.0014,0,1
0.2722,-4.6652,-0,-4.6675,0,0,0.2722,-4.6652,-0,-4.6675,0,0,0.2722,-4.6651,-0,-4.6675,0,-0,0.2562,-4.665,-0.0002,-4.6675,0,0,0.2562,-4.6648,-0,-4.6675,0,0,-4.1151,-47.742,-0,-47.741,0,34.056,-4.1151,-47.742,-0,-47.741,0,34.056,-4.1151,-47.743,-0,-47.741,0,34.056,-4.1151,-47.743,-0,-47.741,0,34.056,-4.1151,-47.743,-0,-47.741,0,34.056,-1.0088,78.761,0,78.761,0,-10.456,-1.0088,78.761,0,78.761,0,-10.456,-1.0088,78.761,0,78.761,0,-10.456,-1.0088,78.761,0,78.761,0,-10.456,-1.0088,78.761,0,78.761,0,-10.456,0.1112,154.27,-0,154.27,0,-1.8505,0.1112,154.27,-0,154.27,0,-1.8505,0.1112,154.27,-0,154.27,0,-1.8505,0.1112,154.27,-0,154.27,0,-1.8505,0.1143,154.27,-0,154.27,0,-1.8505,-0.0494,4.0639,0,4.0638,0,0.3005,-0.0494,4.0639,0,4.0638,0,0.3005,-0.0494,4.0639,0,4.0638,0,0.3005,-0.0494,4.0639,0,4.0638,0,0.3005,-0.0494,4.0639,0,4.0638,0,0.3005,-0.0124,162.32,-0,162.32,0,0.0014,-0.0093,162.32,-0,162.32,0,0.0014,-0.0093,162.32,-0,162.32,0,0.0014,-0.0093,162.32,-0,162.32,0,0.0014,-0.0093,162.32,-0,162.32,0,0.0014,0,1
0.2882,-4.6652,-0,-4.6675,0,0,0.2722,-4.6652,-0,-4.6675,0,0,0.2722,-4.6652,-0,-4.6675,0,0,0.2722,-4.6651,-0,-4.6675,0,-0,0.2562,-4.665,-0.0002,-4.6675,0,0,-4.1151,-47.742,0.0009,-47.741,0,34.056,-4.1151,-47.742,-0,-47.741,0,34.056,-4.1151,-47.742,-0,-47.741,0,34.056,-4.1151,-47.743,-0,-47.741,0,34.056,-4.1151,-47.743,-0,-47.741,0,34.056,-1.0088,78.761,0,78.761,0,-10.456,-1.0088,78.761,0,78.761,0,-10.456,-1.0088,78.761,0,78.761,0,-10.456,-1.0088,78.761,0,78.761,0,-10.456,-1.0088,78.761,0,78.761,0,-10.456,0.1112,154.27,-0,154.27,0,-1.8505,0.1112,154.27,-0,154.27,0,-1.8505,0.1112,154.27,-0,154.27,0,-1.8505,0.1112,154.27,-0,154.27,0,-1.8505,0.1112,154.27,-0,154.27,0,-1.8505,-0.0525,4.0639,0,4.0638,0,0.3005,-0.0494,4.0639,0,4.0638,0,0.3005,-0.0494,4.0639,0,4.0638,0,0.3005,-0.0494,4.0639,0,4.0638,0,0.3005,-0.0494,4.0639,0,4.0638,0,0.3005,-0.0124,162.32,-0,162.32,0,0.0014,-0.0124,162.32,-0,162.32,0,0.0014,-0.0093,162.32,-0,162.32,0,0.0014,-0.0093,162.32,-0,162.32,0,0.0014,-0.0093,162.32,-0,162.32,0,0.0014,0,1
0.2882,-4.6652,-0,-4.6675,0,-0,0.2882,-4.6652,-0,-4.6675,0,0,0.2722,-4.6652,-0,-4.6675,0,0,0.2722,-4.6652,-0,-4.6675,0,0,0.2722,-4.6651,-0,-4.6675,0,-0,-4.1151,-47.742,-0,-47.741,0,34.056,-4.1151,-47.742,0.0009,-47.741,0,34.056,-4.1151,-47.742,-0,-47.741,0,34.056,-4.1151,-47.742,-0,-47.741,0,34.056,-4.1151,-47.743,-0,-47.741,0,34.056,-1.0088,78.761,0,78.761,0,-10.456,-1.0088,78.761,0,78.761,0,-10.456,-1.0088,78.761,0,78.761,0,-10.456,-1.0088,78.761,0,78.761,0,-10.456,-1.0088,78.761,0,78.761,0,-10.456,0.1081,154.27,-0,154.27,0,-1.8505,0.1112,154.27,-0,154.27,0,-1.8505,0.1112,154.27,-0,154.27,0,-1.8505,0.1112,154.27,-0,154.27,0,-1.8505,0.1112,154.27,-0,154.27,0,-1.8505,-0.0525,4.0639,0,4.0638,0,0.3005,-0.0525,4.0639,0,4.0638,0,0.3005,-0.0494,4.0639,0,4.0638,0,0.3005,-0.0494,4.0639,0,4.0638,0,0.3005,-0.0494,4.0639,0,4.0638,0,0.3005,-0.0124,162.32,-0,162.32,0,0.0014,-0.0124,162.32,-0,162.32,0,0.0014,-0.0124,162.32,-0,162.32,0,0.0014,-0.0093,162.32,-0,162.32,0,0.0014,-0.0093,162.32,-0,162.32,0,0.0014,0,1
0.2882,-4.6653,-0.0009,-4.6675,0,0,0.2882,-4.6652,-0,-4.6675,0,-0,0.2882,-4.6652,-0,-4.6675,0,0,0.2722,-4.6652,-0,-4.6675,0,0,0.2722,-4.6652,-0,-4.6675,0,0,-4.1151,-47.742,-0,-47.741,0,34.056,-4.1151,-47.742,-0,-47.741,0,34.056,-4.1151,-47.742,0.0009,-47.741,0,34.056,-4.1151,-47.742,-0,-47.741,0,34.056,-4.1151,-47.742,-0,-47.741,0,34.056,-1.0088,78.761,0,78.761,0,-10.456,-1.0088,78.761,0,78.761,0,-10.456,-1.0088,78.761,0,78.761,0,-10.456,-1.0088,78.761,0,78.761,0,-10.456,-1.0088,78.761,0,78.761,0,-10.456,0.1081,154.27,-0,154.27,0,-1.8505,0.1081,154.27,-0,154.27,0,-1.8505,0.1112,154.27,-0,154.27,0,-1.8505,0.1112,154.27,-0,154.27,0,-1.8505,0.1112,154.27,-0,154.27,0,-1.8505,-0.0525,4.0639,0,4.0638,0,0.3005,-0.0525,4.0639,0,4.0638,0,0.3005,-0.0525,4.0639,0,4.0638,0,0.3005,-0.0494,4.0639,0,4.0638,0,0.3005,-0.0494,4.0639,0,4.0638,0,0.3005,-0.0124,162.32,-0,162.32,0,0.0014,-0.0124,162.32,-0,162.32,0,0.0014,-0.0124,162.32,-0,162.32,0,0.0014,-0.0124,162.32,-0,162.32,0,0.0014,-0.0093,162.32,-0,162.32,0,0.0014,0,1
0.2882,-4.6654,-0.0001,-4.6675,0,0,0.2882,-4.6653,-0.0009,-4.6675,0,0,0.2882,-4.6652,-0,-4.6675,0,-0,0.2882,-4.6652,-0,-4.6675,0,0,0.2722,-4.6652,-0,-4.6675,0,0,-4.1151,-47.742,-0,-47.741,0,34.056,-4.1151,-47.742,-0,-47.741,0,34.056,-4.1151,-47.742,-0,-47.741,0,34.056,-4.1151,-47.742,0.0009,-47.741,0,34.056,-4.1151,-47.742,-0,-47.741,0,34.056,-1.0088,78.761,0,78.761,0,-10.456,-1.0088,78.761,0,78.761,0,-10.456,-1.0088,78.761,0,78.761,0,-10.456,-1.0088,78.761,0,78.761,0,-10.456,-1.0088,78.761,0,78.761,0,-10.456,0.1081,154.27,-0,154.27,0,-1.8505,0.1081,154.27,-0,154.27,0,-1.8505,0.1081,154.27,-0,154.27,0,-1.8505,0.1112,154.27,-0,154.27,0,-1.8505,0.1112,154.27,-0,154.27,0,-1.8505,-0.0525,4.0639,0,4.0638,0,0.3005,-0.0525,4.0639,0,4.0638,0,0.3005,-0.0525,4.0639,0,4.0638,0,0.3005,-0.0525,4.0639,0,4.0638,0,0.3005,-0.0494,4.0639,0,4.0638,0,0.3005,-0.0124,162.32,-0,162.32,0,0.0014,-0.0124,162.32,-0,162.32,0,0.0014,-0.0124,162.32,-0,162.32,0,0.0014,-0.0124,162.32,-0,162.32,0,0.0014,-0.0124,162.32,-0,162.32,0,0.0014,0,1
0.2882,-4.6655,-0,-4.6675,0,-0,0.2882,-4.6654,-0.0001,-4.6675,0,0,0.2882,-4.6653,-0.0009,-4.6675,0,0,0.2882,-4.6652,-0,-4.6675,0,-0,0.2882,-4.6652,-0,-4.6675,0,0,-4.1151,-47.742,-0,-47.741,0,34.056,-4.1151,-47.742,-0,-47.741,0,34.056,-4.1151,-47.742,-0,-47.741,0,34.056,-4.1151,-47.742,-0,-47.741,0,34.056,-4.1151,-47.742,0.0009,-47.741,0,34.056,-1.0088,78.761,0,78.761,0,-10.456,-1.0088,78.761,0,78.761,0,-10.456,-1.0088,78.761,0,78.761,0,-10.456,-1.0088,78.761,0,78.761,0,-10.456,-1.0088,78.761,0,78.761,0,-10.456,0.1081,154.27,-0,154.27,0,-1.8505,0.1081,154.27,-0,154.27,0,-1.8505,0.1081,154.27,-0,154.27,0,-1.8505,0.1081,154.27,-0,154.27,0,-1.8505,0.1112,154.27,-0,154.27,0,-1.8505,-0.0525,4.0639,0,4.0638,0,0.3005,-0.0525,4.0639,0,4.0638,0,0.3005,-0.0525,4.0639,0,4.0638,0,0.3005,-0.0525,4.0639,0,4.0638,0,0.3005,-0.0525,4.0639,0,4.0638,0,0.3005,-0.0154,162.32,-0,162.32,0,0.0014,-0.0124,162.32,-0,162.32,0,0.0014,-0.0124,162.32,-0,162.32,0,0.0014,-0.0124,162.32,-0,162.32,0,0.0014,-0.0124,162.32,-0,162.32,0,0.0014,0,1
0.2882,-4.6656,-0,-4.6675,0,-0,0.2882,-4.6655,-0,-4.6675,0,-0,0.2882,-4.6654,-0.0001,-4.6675,0,0,0.2882,-4.6653,-0.0009,-4.6675,0,0,0.2882,-4.6652,-0,-4.6675,0,-0,-4.1151,-47.742,-0,-47.741,0,34.055,-4.1151,-47.742,-0,-47.741,0,34.056,-4.1151,-47.742,-0,-47.741,0,34.056,-4.1151,-47.742,-0,-47.741,0,34.056,-4.1151,-47.742,-0,-47.741,0,34.056,-1.0088,78.761,0,78.761,0,-10.456,-1.0088,78.761,0,78.761,0,-10.456,-1.0088,78.761,0,78.761,0,-10.456,-1.0088,78.761,0,78.761,0,-10.456,-1.0088,78.761,0,78.761,0,-10.456,0.1081,154.27,-0,154.27,0,-1.8505,0.1081,154.27,-0,154.27,0,-1.8505,0.1081,154.27,-0,154.27,0,-1.8505,0.1081,154.27,-0,154.27,0,-1.8505,0.1081,154.27,-0,154.27,0,-1.8505,-0.0525,4.0639,0,4.0638,0,0.3005,-0.0525,4.0639,0,4.0638,0,0.3005,-0.0525,4.0639,0,4.0638,0,0.3005,-0.0525,4.0639,0,4.0638,0,0.3005,-0.0525,4.0639,0,4.0638,0,0.3005,-0.0154,162.32,-0,162.32,0,0.0014,-0.0154,162.32,-0,162.32,0,0.0014,-0.0124,162.32,-0,162.32,0,0.0014,-0.0124,162.32,-0,162.32,0,0.0014,-0.0124,162.32,-0,162.32,0,0.0014,0,1
0.3042,-4.6656,-0,-4.6675,0,-0,0.2882,-4.6656,-0,-4.6675,0,-0,0.2882,-4.6655,-0,-4.6675,0,-0,0.2882,-4.6654,-0.0001,-4.6675,0,0,0.2882,-4.6653,-0.0009,-4.6675,0,0,-4.1151,-47.742,-0,-47.741,0,34.055,-4.1151,-47.742,-0,-47.741,0,34.055,-4.1151,-47.742,-0,-47.741,0,34.056,-4.1151,-47.742,-0,-47.741,0,34.056,-4.1151,-47.742,-0,-47.741,0,34.056,-1.0088,78.761,0,78.761,0,-10.456,-1.0088,78.761,0,78.761,0,-10.456,-1.0088,78.761,0,78.761,0,-10.456,-1.0088,78.761,0,78.761,0,-10.456,-1.0088,78.761,0,78.761,0,-10.456,0.105,154.27,-0,154.27,0,-1.8505,0.1081,154.27,-0,154.27,0,-1.8505,0.1081,154.27,-0,154.27,0,-1.8505,0.1081,154.27,-0,154.27,0,-1.8505,0.1081,154.27,-0,154.27,0,-1.8505,-0.0556,4.0639,0,4.0638,0,0.3005,-0.0525,4.0639,0,4.0638,0,0.3005,-0.0525,4.0639,0,4.0638,0,0.3005,-0.0525,4.0639,0,4.0638,0,0.3005,-0.0525,4.0639,0,4.0638,0,0.3005,-0.0154,162.32,-0,162.32,0,0.0014,-0.0154,162.32,-0,162.32,0,0.0014,-0.0154,162.32,-0,162.32,0,0.0014,-0.0124,162.32,-0,162.32,0,0.0014,-0.0124,162.32,-0,162.32,0,0.0014,0,1
0.3042,-4.6656,-0,-4.6675,0,0,0.3042,-4.6656,-0,-4.6675,0,-0,0.2882,-4.6656,-0,-4.6675,0,-0,0.2882,-4.6655,-0,-4.6675,0,-0,0.2882,-4.6654,-0.0001,-4.6675,0,0,-4.1151,-47.742,-0,-47.741,0,34.055,-4.1151,-47.742,-0,-47.741,0,34.055,-4.1151,-47.742,-0,-47.741,0,34.055,-4.1151,-47.742,-0,-47.741,0,34.056,-4.1151,-47.742,-0,-47.741,0,34.056,-1.0088,78.761,0,78.761,0,-10.456,-1.0088,78.761,0,78.761,0,-10.456,-1.0088,78.761,0,78.761,0,-10.456,-1.0088,78.761,0,78.761,0,-10.456,-1.0088,78.761,0,78.761,0,-10.456,0.105,154.27,-0,154.27,0,-1.8505,0.105,154.27,-0,154.27,0,-1.8505,0.1081,154.27,-0,154.27,0,-1.8505,0.1081,154.27,-0,154.27,0,-1.8505,0.1081,154.27,-0,154.27,0,-1.8505,-0.0556,4.0639,0,4.0638,0,0.3005,-0.0556,4.0639,0,4.0638,0,0.3005,-0.0525,4.0639,0,4.0638,0,0.3005,-0.0525,4.0639,0,4.0638,0,0.3005,-0.0525,4.0639,0,4.0638,0,0.3005,-0.0154,162.32,-0,162.32,0,0.0014,-0.0154,162.32,-0,162.32,0,0.0014,-0.0154,162.32,-0,162.32,0,0.0014,-0.0154,162.32,-0,162.32,0,0.0014,-0.0124,162.32,-0,162.32,0,0.0014,0,1
0.3042,-4.6656,-0,-4.6675,0,0,0.3042,-4.6656,-0,-4.6675,0,0,0.3042,-4.6656,-0,-4.6675,0,-0,0.2882,-4.6656,-0,-4.6675,0,-0,0.2882,-4.6655,-0,-4.6675,0,-0,-4.1151,-47.742,-0,-47.741,0,34.055,-4.1151,-47.742,-0,-47.741,0,34.055,-4.1151,-47.742,-0,-47.741,0,34.055,-4.1151,-47.742,-0,-47.741,0,34.055,-4.1151,-47.742,-0,-47.741,0,34.056,-1.0088,78.761,0,78.761,0,-10.456,-1.0088,78.761,0,78.761,0,-10.456,-1.0088,78.761,0,78.761,0,-10.456,-1.0088,78.761,0,78.761,0,-10.456,-1.0088,78.761,0,78.761,0,-10.456,0.105,154.27,-0,154.27,0,-1.8505,0.105,154.27,-0,154.27,0,-1.8505,0.105,154.27,-0,154.27,0,-1.8505,0.1081,154.27,-0,154.27,0,-1.8505,0.1081,154.27,-0,154.27,0,-1.8505,-0.0556,4.0639,0,4.0638,0,0.3005,-0.0556,4.0639,0,4.0638,0,0.3005,-0.0556,4.0639,0,4.0638,0,0.3005,-0.0525,4.0639,0,4.0638,0,0.3005,-0.0525,4.0639,0,4.0638,0,0.3005,-0.0154,162.32,-0,162.32,0,0.0014,-0.0154,162.32,-0,162.32,0,0.0014,-0.0154,162.32,-0,162.32,0,0.0014,-0.0154,162.32,-0,162.32,0,0.0014,-0.0154,162.32,-0,162.32,0,0.0014,0,1
0.3042,-4.6656,-0,-4.6675,0,-0,0.3042,-4.6656,-0,-4.6675,0,0,0.3042,-4.6656,-0,-4.6675,0,0,0.3042,-4.6656,-0,-4.6675,0,-0,0.2882,-4.6656,-0,-4.6675,0,-0,-4.1151,-47.742,-0,-47.741,0,34.055,-4.1151,-47.742,-0,-47.741,0,34.055,-4.1151,-47.742,-0,-47.741,0,34.055,-4.1151,-47.742,-0,-47.741,0,34.055,-4.1151,-47.742,-0,-47.741,0,34.055,-1.0088,78.761,0,78.761,0,-10.456,-1.0088,78.761,0,78.761,0,-10.456,-1.0088,78.761,0,78.761,0,-10.456,-1.0088,78.761,0,78.761,0,-10.456,-1.0088,78.761,0,78.761,0,-10.456,0.105,154.27,-0,154.27,0,-1.8505,0.105,154.27,-0,154.27,0,-1.8505,0.105,154.27,-0,154.27,0,-1.8505,0.105,154.27,-0,154.27,0,-1.8505,0.1081,154.27,-0,154.27,0,-1.8505,-0.0556,4.0639,0,4.0638,0,0.3005,-0.0556,4.0639,0,4.0638,0,0.3005,-0.0556,4.0639,0,4.0638,0,0.3005,-0.0556,4.0639,0,4.0638,0,0.3005,-0.0525,4.0639,0,4.0638,0,0.3005,-0.0154,162.32,-0,162.32,0,0.0014,-0.0154,162.32,-0,162.32,0,0.0014,-0.0154,162.32,-0,162.32,0,0.0014,-0.0154,162.32,-0,162.32,0,0.0014,-0.0154,162.32,-0,162.32,0,0.0014,0,1
0.3042,-4.6657,-0,-4.6675,0,-0,0.3042,-4.6656,-0,-4.6675,0,-0,0.3042,-4.6656,-0,-4.6675,0,0,0.3042,-4.6656,-0,-4.6675,0,0,0.3042,-4.6656,-0,-4.6675,0,-0,-4.1151,-47.742,-0,-47.741,0,34.055,-4.1151,-47.742,-0,-47.741,0,34.055,-4.1151,-47.742,-0,-47.741,0,34.055,-4.1151,-47.742,-0,-47.741,0,34.055,-4.1151,-47.742,-0,-47.741,0,34.055,-1.0088,78.761,0,78.761,0,-10.456,-1.0088,78.761,0,78.761,0,-10.456,-1.0088,78.761,0,78.761,0,-10.456,-1.0088,78.761,0,78.761,0,-10.456,-1.0088,78.761,0,78.761,0,-10.456,0.105,154.27,-0,154.27,0,-1.8505,0.105,154.27,-0,154.27,0,-1.8505,0.105,154.27,-0,154.27,0,-1.8505,0.105,154.27,-0,154.27,0,-1.8505,0.105,154.27,-0,154.27,0,-1.8505,-0.0556,4.0639,0,4.0638,0,0.3005,-0.0556,4.0639,0,4.0638,0,0.3005,-0.0556,4.0639,0,4.0638,0,0.3005,-0.0556,4.0639,0,4.0638,0,0.3005,-0.0556,4.0639,0,4.0638,0,0.3005,-0.0185,162.32,-0,162.32,0,0.0014,-0.0154,162.32,-0,162.32,0,0.0014,-0.0154,162.32,-0,162.32,0,0.0014,-0.0154,162.32,-0,162.32,0,0.0014,-0.0154,162.32,-0,162.32,0,0.0014,0,1
0.3042,-4.6658,-0.0004,-4.6675,0,0,0.3042,-4.6657,-0,-4.6675,0,-0,0.3042,-4.6656,-0,-4.6675,0,-0,0.3042,-4.6656,-0,-4.6675,0,0,0.3042,-4.6656,-0,-4.6675,0,0,-4.1151,-47.742,-0,-47.741,0,34.055,-4.1151,-47.742,-0,-47.741,0,34.055,-4.1151,-47.742,-0,-47.741,0,34.055,-4.1151,-47.742,-0,-47.741,0,34.055,-4.1151,-47.742,-0,-47.741,0,34.055,-1.0088,78.761,0,78.761,0,-10.456,-1.0088,78.761,0,78.761,0,-10.456,-1.0088,78.761,0,78.761,0,-10.456,-1.0088,78.761,0,78.761,0,-10.456,-1.0088,78.761,0,78.761,0,-10.456,0.105,154.27,-0,154.27,0,-1.8505,0.105,154.27,-0,154.27,0,-1.8505,0.105,154.27,-0,154.27,0,-1.8505,0.105,154.27,-0,154.27,0,-1.8505,0.105,154.27,-0,154.27,0,-1.8505,-0.0556,4.0639,0,4.0638,0,0.3005,-0.0556,4.0639,0,4.0638,0,0.3005,-0.0556,4.0639,0,4.0638,0,0.3005,-0.0556,4.0639,0,4.0638,0,0.3005,-0.0556,4.0639,0,4.0638,0,0.3005,-0.0185,162.32,-0,162.32,0,0.0014,-0.0185,162.32,-0,162.32,0,0.0014,-0.0154,162.32,-0,162.32,0,0.0014,-0.0154,162.32,-0,162.32,0,0.0014,-0.0154,162.32,-0,162.32,0,0.0014,0,1
0.3202,-4.6659,-0,-4.6675,0,0,0.3042,-4.6658,-0.0004,-4.6675,0,0,0.3042,-4.6657,-0,-4.6675,0,-0,0.3042,-4.6656,-0,-4.6675,0,-0,0.3042,-4.6656,-0,-4.6675,0,0,-4.1151,-47.742,-0,-47.741,0,34.055,-4.1151,-47.742,-0,-47.741,0,34.055,-4.1151,-47.742,-0,-47.741,0,34.055,-4.1151,-47.742,-0,-47.741,0,34.055,-4.1151,-47.742,-0,-47.741,0,34.055,-1.0088,78.761,0,78.761,0,-10.456,-1.0088,78.761,0,78.761,0,-10.456,-1.0088,78.761,0,78.761,0,-10.456,-1.0088,78.761,0,78.761,0,-10.456,-1.0088,78.761,0,78.761,0,-10.456,0.105,154.27,-0,154.27,0,-1.8505,0.105,154.27,-0,154.27,0,-1.8505,0.105,154.27,-0,154.27,0,-1.8505,0.105,154.27,-0,154.27,0,-1.8505,0.105,154.27,-0,154.27,0,-1.8505,-0.0587,4.0639,0,4.0638,0,0.3005,-0.0556,4.0639,0,4.0638,0,0.3005,-0.0556,4.0639,0,4.0638,0,0.3005,-0.0556,4.0639,0,4.0638,0,0.3005,-0.0556,4.0639,0,4.0638,0,0.3005,-0.0185,162.32,-0,162.32,0,0.0014,-0.0185,162.32,-0,162.32,0,0.0014,-0.0185,162.32,-0,162.32,0,0.0014,-0.0154,162.32,-0,162.32,0,0.0014,-0.0154,162.32,-0,162.32,0,0.0014,0,1
0.3202,-4.666,-0.0001,-4.6675,0,0,0.3202,-4.6659,-0,-4.6675,0,0,0.3042,-4.6658,-0.0004,-4.6675,0,0,0.3042,-4.6657,-0,-4.6675,0,-0,0.3042,-4.6656,-0,-4.6675,0,-0,-4.1151,-47.742,-0,-47.741,0,34.055,-4.1151,-47.742,-0,-47.741,0,34.055,-4.1151,-47.742,-0,-47.741,0,34.055,-4.1151,-47.742,-0,-47.741,0,34.055,-4.1151,-47.742,-0,-47.741,0,34.055,-1.0088,78.761,0,78.761,0,-10.456,-1.0088,78.761,0,78.761,0,-10.456,-1.0088,78.761,0,78.761,0,-10.456,-1.0088,78.761,0,78.761,0,-10.456,-1.0088,78.761,0,78.761,0,-10.456,0.1019,154.27,-0,154.27,0,-1.8505,0.105,154.27,-0,154.27,0,-1.8505,0.105,154.27,-0,154.27,0,-1.8505,0.105,154.27,-0,154.27,0,-1.8505,0.105,154.27,-0,154.27,0,-1.8505,-0.0587,4.0639,0,4.0638,0,0.3005,-0.0587,4.0639,0,4.0638,0,0.3005,-0.0556,4.0639,0,4.0638,0,0.3005,-0.0556,4.0639,0,4.0638,0,0.3005,-0.0556,4.0639,0,4.0638,0,0.3005,-0.0185,162.32,-0,162.32,0,0.0014,-0.0185,162.32,-0,162.32,0,0.0014,-0.0185,162.32,-0,162.32,0,0.0014,-0.0185,162.32,-0,162.32,0,0.0014,-0.0154,162.32,-0,162.32,0,0.0014,0,1
0.3202,-4.666,-0,-4.6675,-0.0006,-0.0039,0.3202,-4.666,-0.0001,-4.6675,0,0,0.3202,-4.6659,-0,-4.6675,0,0,0.3042,-4.6658,-0.0004,-4.6675,0,0,0.3042,-4.6657,-0,-4.6675,0,-0,-4.1151,-47.741,-0,-47.741,0.0004,34.062,-4.1151,-47.742,-0,-47.741,0,34.055,-4.1151,-47.742,-0,-47.741,0,34.055,-4.1151,-47.742,-0,-47.741,0,34.055,-4.1151,-47.742,-0,-47.741,0,34.055,-1.0088,78.761,0,78.761,-0,-10.455,-1.0088,78.761,0,78.761,0,-10.456,-1.0088,78.761,0,78.761,0,-10.456,-1.0088,78.761,0,78.761,0,-10.456,-1.0088,78.761,0,78.761,0,-10.456,0.1019,154.27,-0,154.27,-0.0005,-1.8506,0.1019,154.27,-0,154.27,0,-1.8505,0.105,154.27,-0,154.27,0,-1.8505,0.105,154.27,-0,154.27,0,-1.8505,0.105,154.27,-0,154.27,0,-1.8505,-0.0587,4.0639,0,4.0638,-0.0002,0.3004,-0.0587,4.0639,0,4.0638,0,0.3005,-0.0587,4.0639,0,4.0638,0,0.3005,-0.0556,4.0639,0,4.0638,0,0.3005,-0.0556,4.0639,0,4.0638,0,0.3005,-0.0185,162.32,-0,162.32,-0.0009,0.0014,-0.0185,162.32,-0,162.32,0,0.0014,-0.0185,162.32,-0,162.32,0,0.0014,-0.0185,162.32,-0,162.32,0,0.0014,-0.0185,162.32,-0,162.32,0,0.0014,0,1
0.3202,-4.666,-0,-4.6675,-0.0056,-0.0151,0.3202,-4.666,-0,-4.6675,-0.0006,-0.0039,0.3202,-4.666,-0.0001,-4.6675,0,0,0.3202,-4.6659,-0,-4.6675,0,0,0.3042,-4.6658,-0.0004,-4.6675,0,0,-4.1151,-47.741,0.0018,-47.741,0.0037,34.084,-4.1151,-47.741,-0,-47.741,0.0004,34.062,-4.1151,-47.742,-0,-47.741,0,34.055,-4.1151,-47.742,-0,-47.741,0,34.055,-4.1151,-47.742,-0,-47.741,0,34.055,-1.0088,78.761,0,78.761,-0.0002,-10.45,-1.0088,78.761,0,78.761,-0,-10.455,-1.0088,78.761,0,78.761,0,-10.456,-1.0088,78.761,0,78.761,0,-10.456,-1.0088,78.761,0,78.761,0,-10.456,0.1019,154.27,-0,154.27,-0.0044,-1.8508,0.1019,154.27,-0,154.27,-0.0005,-1.8506,0.1019,154.27,-0,154.27,0,-1.8505,0.105,154.27,-0,154.27,0,-1.8505,0.105,154.27,-0,154.27,0,-1.8505,-0.0587,4.0639,0,4.0638,-0.002,0.3001,-0.0587,4.0639,0,4.0638,-0.0002,0.3004,-0.0587,4.0639,0,4.0638,0,0.3005,-0.0587,4.0639,0,4.0638,0,0.3005,-0.0556,4.0639,0,4.0638,0,0.3005,-0.0185,162.32,-0,162.32,-0.008,0.0013,-0.0185,162.32,-0,162.32,-0.0009,0.0014,-0.0185,162.32,-0,162.32,0,0.0014,-0.0185,162.32,-0,162.32,0,0.0014,-0.0185,162.32,-0,162.32,0,0.0014,0,1
0.3523,-4.666,-0,-4.6676,-0.0155,-0.0264,0.3202,-4.666,-0,-4.6675,-0.0056,-0.0151,0.3202,-4.666,-0,-4.6675,-0.0006,-0.0039,0.3202,-4.666,-0.0001,-4.6675,0,0,0.3202,-4.6659,-0,-4.6675,0,0,-4.1311,-47.741,-0,-47.741,0.0104,34.105,-4.1151,-47.741,0.0018,-47.741,0.0037,34.084,-4.1151,-47.741,-0,-47.741,0.0004,34.062,-4.1151,-47.742,-0,-47.741,0,34.055,-4.1151,-47.742,-0,-47.741,0,34.055,-1.0088,78.761,0,78.761,-0.0005,-10.445,-1.0088,78.761,0,78.761,-0.0002,-10.45,-1.0088,78.761,0,78.761,-0,-10.455,-1.0088,78.761,0,78.761,0,-10.456,-1.0088,78.761,0,78.761,0,-10.456,0.1081,154.27,-0,154.27,-0.0122,-1.851,0.1019,154.27,-0,154.27,-0.0044,-1.8508,0.1019,154.27,-0,154.27,-0.0005,-1.8506,0.1019,154.27,-0,154.27,0,-1.8505,0.105,154.27,-0,154.27,0,-1.8505,-0.0618,4.0639,0,4.0637,-0.0056,0.2999,-0.0587,4.0639,0,4.0638,-0.002,0.3001,-0.0587,4.0639,0,4.0638,-0.0002,0.3004,-0.0587,4.0639,0,4.0638,0,0.3005,-0.0587,4.0639,0,4.0638,0,0.3005,-0.0185,162.32,-0,162.32,-0.0221,0.0013,-0.0185,162.32,-0,162.32,-0.008,0.0013,-0.0185,162.32,-0,162.32,-0.0009,0.0014,-0.0185,162.32,-0,162.32,0,0.0014,-0.0185,162.32,-0,162.32,0,0.0014,0,1
0.3843,-4.6661,-0,-4.6678,-0.0305,-0.0376,0.3523,-4.666,-0,-4.6676,-0.0155,-0.0264,0.3202,-4.666,-0,-4.6675,-0.0056,-0.0151,0.3202,-4.666,-0,-4.6675,-0.0006,-0.0039,0.3202,-4.666,-0.0001,-4.6675,0,0,-4.1311,-47.741,0.002,-47.741,0.0204,34.127,-4.1311,-47.741,-0,-47.741,0.0104,34.105,-4.1151,-47.741,0.0018,-47.741,0.0037,34.084,-4.1151,-47.741,-0,-47.741,0.0004,34.062,-4.1151,-47.742,-0,-47.741,0,34.055,-1.0088,78.761,0,78.761,-0.001,-10.441,-1.0088,78.761,0,78.761,-0.0005,-10.445,-1.0088,78.761,0,78.761,-0.0002,-10.45,-1.0088,78.761,0,78.761,-0,-10.455,-1.0088,78.761,0,78.761,0,-10.456,0.1143,154.27,-0,154.27,-0.024,-1.8512,0.1081,154.27,-0,154.27,-0.0122,-1.851,0.1019,154.27,-0,154.27,-0.0044,-1.8508,0.1019,154.27,-0,154.27,-0.0005,-1.8506,0.1019,154.27,-0,154.27,0,-1.8505,-0.0649,4.0639,0,4.0637,-0.0109,0.2996,-0.0618,4.0639,0,4.0637,-0.0056,0.2999,-0.0587,4.0639,0,4.0638,-0.002,0.3001,-0.0587,4.0639,0,4.0638,-0.0002,0.3004,-0.0587,4.0639,0,4.0638,0,0.3005,-0.0124,162.32,-0,162.32,-0.0434,0.0013,-0.0185,162.32,-0,162.32,-0.0221,0.0013,-0.0185,162.32,-0,162.32,-0.008,0.0013,-0.0185,162.32,-0,162.32,-0.0009,0.0014,-0.0185,162.32,-0,162.32,0,0.0014,0,1
0.3843,-4.6663,-0.0089,-4.6681,-0.0418,-0.0443,0.3843,-4.6661,-0,-4.6678,-0.0305,-0.0376,0.3523,-4.666,-0,-4.6676,-0.0155,-0.0264,0.3202,-4.666,-0,-4.6675,-0.0056,-0.0151,0.3202,-4.666,-0,-4.6675,-0.0006,-0.0039,-4.1631,-47.741,-0,-47.741,0.028,34.14,-4.1311,-47.741,0.002,-47.741,0.0204,34.127,-4.1311,-47.741,-0,-47.741,0.0104,34.105,-4.1151,-47.741,0.0018,-47.741,0.0037,34.084,-4.1151,-47.741,-0,-47.741,0.0004,34.062,-1.0248,78.761,0,78.761,-0.0013,-10.438,-1.0088,78.761,0,78.761,-0.001,-10.441,-1.0088,78.761,0,78.761,-0.0005,-10.445,-1.0088,78.761,0,78.761,-0.0002,-10.45,-1.0088,78.761,0,78.761,-0,-10.455,0.1236,154.27,-0,154.27,-0.0329,-1.8513,0.1143,154.27,-0,154.27,-0.024,-1.8512,0.1081,154.27,-0,154.27,-0.0122,-1.851,0.1019,154.27,-0,154.27,-0.0044,-1.8508,0.1019,154.27,-0,154.27,-0.0005,-1.8506,-0.0711,4.0639,0,4.0636,-0.015,0.2995,-0.0649,4.0639,0,4.0637,-0.0109,0.2996,-0.0618,4.0639,0,4.0637,-0.0056,0.2999,-0.0587,4.0639,0,4.0638,-0.002,0.3001,-0.0587,4.0639,0,4.0638,-0.0002,0.3004,-0.0031,162.32,-0,162.32,-0.0596,0.0013,-0.0124,162.32,-0,162.32,-0.0434,0.0013,-0.0185,162.32,-0,162.32,-0.0221,0.0013,-0.0185,162.32,-0,162.32,-0.008,0.0013,-0.0185,162.32,-0,162.32,-0.0009,0.0014,0,1
0.4323,-4.6664,-0.0012,-4.6682,-0.0504,-0.0488,0.3843,-4.6663,-0.0089,-4.6681,-0.0418,-0.0443,0.3843,-4.6661,-0,-4.6678,-0.0305,-0.0376,0.3523,-4.666,-0,-4.6676,-0.0155,-0.0264,0.3202,-4.666,-0,-4.6675,-0.0056,-0.0151,-4.1631,-47.741,0.0027,-47.741,0.0337,34.148,-4.1631,-47.741,-0,-47.741,0.028,34.14,-4.1311,-47.741,0.002,-47.741,0.0204,34.127,-4.1311,-47.741,-0,-47.741,0.0104,34.105,-4.1151,-47.741,0.0018,-47.741,0.0037,34.084,-1.0248,78.761,0,78.761,-0.0016,-10.436,-1.0248,78.761,0,78.761,-0.0013,-10.438,-1.0088,78.761,0,78.761,-0.001,-10.441,-1.0088,78.761,0,78.761,-0.0005,-10.445,-1.0088,78.761,0,78.761,-0.0002,-10.45,0.1328,154.27,-0,154.27,-0.0397,-1.8514,0.1236,154.27,-0,154.27,-0.0329,-1.8513,0.1143,154.27,-0,154.27,-0.024,-1.8512,0.1081,154.27,-0,154.27,-0.0122,-1.851,0.1019,154.27,-0,154.27,-0.0044,-1.8508,-0.0741,4.0639,0,4.0635,-0.018,0.2993,-0.0711,4.0639,0,4.0636,-0.015,0.2995,-0.0649,4.0639,0,4.0637,-0.0109,0.2996,-0.0618,4.0639,0,4.0637,-0.0056,0.2999,-0.0587,4.0639,0,4.0638,-0.002,0.3001,0,162.32,-0,162.32,-0.0717,0.0013,-0.0031,162.32,-0,162.32,-0.0596,0.0013,-0.0124,162.32,-0,162.32,-0.0434,0.0013,-0.0185,162.32,-0,162.32,-0.0221,0.0013,-0.0185,162.32,-0,162.32,-0.008,0.0013,0,1
0.4323,-4.667,-0.0224,-4.6689,-0.0752,-0.06,0.4323,-4.6664,-0.0012,-4.6682,-0.0504,-0.0488,0.3843,-4.6663,-0.0089,-4.6681,-0.0418,-0.0443,0.3843,-4.6661,-0,-4.6678,-0.0305,-0.0376,0.3523,-4.666,-0,-4.6676,-0.0155,-0.0264,-4.2272,-47.741,-0,-47.74,0.0503,34.17,-4.1631,-47.741,0.0027,-47.741,0.0337,34.148,-4.1631,-47.741,-0,-47.741,0.028,34.14,-4.1311,-47.741,0.002,-47.741,0.0204,34.127,-4.1311,-47.741,-0,-47.741,0.0104,34.105,-1.0248,78.761,0,78.761,-0.0024,-10.431,-1.0248,78.761,0,78.761,-0.0016,-10.436,-1.0248,78.761,0,78.761,-0.0013,-10.438,-1.0088,78.761,0,78.761,-0.001,-10.441,-1.0088,78.761,0,78.761,-0.0005,-10.445,0.1606,154.27,-0,154.27,-0.0593,-1.8516,0.1328,154.27,-0,154.27,-0.0397,-1.8514,0.1236,154.27,-0,154.27,-0.0329,-1.8513,0.1143,154.27,-0,154.27,-0.024,-1.8512,0.1081,154.27,-0,154.27,-0.0122,-1.851,-0.0865,4.0638,0,4.0633,-0.0269,0.2991,-0.0741,4.0639,0,4.0635,-0.018,0.2993,-0.0711,4.0639,0,4.0636,-0.015,0.2995,-0.0649,4.0639,0,4.0637,-0.0109,0.2996,-0.0618,4.0639,0,4.0637,-0.0056,0.2999,0.0154,162.32,-0,162.32,-0.1071,0.0012,0,162.32,-0,162.32,-0.0717,0.0013,-0.0031,162.32,-0,162.32,-0.0596,0.0013,-0.0124,162.32,-0,162.32,-0.0434,0.0013,-0.0185,162.32,-0,162.32,-0.0221,0.0013,0,1
0.5124,-4.6678,-0.0173,-4.6698,-0.105,-0.0712,0.4323,-4.667,-0.0224,-4.6689,-0.0752,-0.06,0.4323,-4.6664,-0.0012,-4.6682,-0.0504,-0.0488,0.3843,-4.6663,-0.0089,-4.6681,-0.0418,-0.0443,0.3843,-4.6661,-0,-4.6678,-0.0305,-0.0376,-4.2272,-47.741,0.0243,-47.74,0.0703,34.191,-4.2272,-47.741,-0,-47.74,0.0503,34.17,-4.1631,-47.741,0.0027,-47.741,0.0337,34.148,-4.1631,-47.741,-0,-47.741,0.028,34.14,-4.1311,-47.741,0.002,-47.741,0.0204,34.127,-1.0248,78.761,0,78.761,-0.0034,-10.427,-1.0248,78.761,0,78.761,-0.0024,-10.431,-1.0248,78.761,0,78.761,-0.0016,-10.436,-1.0248,78.761,0,78.761,-0.0013,-10.438,-1.0088,78.761,0,78.761,-0.001,-10.441,0.1977,154.27,-0,154.27,-0.0827,-1.8518,0.1606,154.27,-0,154.27,-0.0593,-1.8516,0.1328,154.27,-0,154.27,-0.0397,-1.8514,0.1236,154.27,-0,154.27,-0.0329,-1.8513,0.1143,154.27,-0,154.27,-0.024,-1.8512,-0.1019,4.0638,0,4.063,-0.0376,0.2988,-0.0865,4.0638,0,4.0633,-0.0269,0.2991,-0.0741,4.0639,0,4.0635,-0.018,0.2993,-0.0711,4.0639,0,4.0636,-0.015,0.2995,-0.0649,4.0639,0,4.0637,-0.0109,0.2996,0.0402,162.32,-0,162.32,-0.1496,0.0012,0.0154,162.32,-0,162.32,-0.1071,0.0012,0,162.32,-0,162.32,-0.0717,0.0013,-0.0031,162.32,-0,162.32,-0.0596,0.0013,-0.0124,162.32,-0,162.32,-0.0434,0.0013,0,1
0.5284,-4.6687,-0.055,-4.671,-0.1398,-0.0823,0.5124,-4.6678,-0.0173,-4.6698,-0.105,-0.0712,0.4323,-4.667,-0.0224,-4.6689,-0.0752,-0.06,0.4323,-4.6664,-0.0012,-4.6682,-0.0504,-0.0488,0.3843,-4.6663,-0.0089,-4.6681,-0.0418,-0.0443,-4.2432,-47.74,0.0421,-47.739,0.0935,34.211,-4.2272,-47.741,0.0243,-47.74,0.0703,34.191,-4.2272,-47.741,-0,-47.74,0.0503,34.17,-4.1631,-47.741,0.0027,-47.741,0.0337,34.148,-4.1631,-47.741,-0,-47.741,0.028,34.14,-1.0248,78.761,0,78.761,-0.0045,-10.422,-1.0248,78.761,0,78.761,-0.0034,-10.427,-1.0248,78.761,0,78.761,-0.0024,-10.431,-1.0248,78.761,0,78.761,-0.0016,-10.436,-1.0248,78.761,0,78.761,-0.0013,-10.438,0.2533,154.27,-0,154.27,-0.1101,-1.852,0.1977,154.27,-0,154.27,-0.0827,-1.8518,0.1606,154.27,-0,154.27,-0.0593,-1.8516,0.1328,154.27,-0,154.27,-0.0397,-1.8514,0.1236,154.27,-0,154.27,-0.0329,-1.8513,-0.1267,4.0638,0,4.0625,-0.05,0.2986,-0.1019,4.0638,0,4.063,-0.0376,0.2988,-0.0865,4.0638,0,4.0633,-0.0269,0.2991,-0.0741,4.0639,0,4.0635,-0.018,0.2993,-0.0711,4.0639,0,4.0636,-0.015,0.2995,0.0741,162.32,-0,162.32,-0.1991,0.0012,0.0402,162.32,-0,162.32,-0.1496,0.0012,0.0154,162.32,-0,162.32,-0.1071,0.0012,0,162.32,-0,162.32,-0.0717,0.0013,-0.0031,162.32,-0,162.32,-0.0596,0.0013,0,1
0.6245,-4.6698,-0.0559,-4.6726,-0.1795,-0.0935,0.5284,-4.6687,-0.055,-4.671,-0.1398,-0.0823,0.5124,-4.6678,-0.0173,-4.6698,-0.105,-0.0712,0.4323,-4.667,-0.0224,-4.6689,-0.0752,-0.06,0.4323,-4.6664,-0.0012,-4.6682,-0.0504,-0.0488,-4.2432,-47.739,0.0721,-47.738,0.1201,34.232,-4.2432,-47.74,0.0421,-47.739,0.0935,34.211,-4.2272,-47.741,0.0243,-47.74,0.0703,34.191,-4.2272,-47.741,-0,-47.74,0.0503,34.17,-4.1631,-47.741,0.0027,-47.741,0.0337,34.148,-1.0408,78.761,0,78.761,-0.0058,-10.418,-1.0248,78.761,0,78.761,-0.0045,-10.422,-1.0248,78.761,0,78.761,-0.0034,-10.427,-1.0248,78.761,0,78.761,-0.0024,-10.431,-1.0248,78.761,0,78.761,-0.0016,-10.436,0.3213,154.27,-0.0016,154.27,-0.1414,-1.8523,0.2533,154.27,-0,154.27,-0.1101,-1.852,0.1977,154.27,-0,154.27,-0.0827,-1.8518,0.1606,154.27,-0,154.27,-0.0593,-1.8516,0.1328,154.27,-0,154.27,-0.0397,-1.8514,-0.1606,4.0638,0,4.062,-0.0642,0.2983,-0.1267,4.0638,0,4.0625,-0.05,0.2986,-0.1019,4.0638,0,4.063,-0.0376,0.2988,-0.0865,4.0638,0,4.0633,-0.0269,0.2991,-0.0741,4.0639,0,4.0635,-0.018,0.2993,0.1174,162.32,-0.0028,162.31,-0.2557,0.0011,0.0741,162.32,-0,162.32,-0.1991,0.0012,0.0402,162.32,-0,162.32,-0.1496,0.0012,0.0154,162.32,-0,162.32,-0.1071,0.0012,0,162.32,-0,162.32,-0.0717,0.0013,0,1
0.6405,-4.6711,-0.1105,-4.6746,-0.2242,-0.1046,0.6245,-4.6698,-0.0559,-4.6726,-0.1795,-0.0935,0.5284,-4.6687,-0.055,-4.671,-0.1398,-0.0823,0.5124,-4.6678,-0.0173,-4.6698,-0.105,-0.0712,0.4323,-4.667,-0.0224,-4.6689,-0.0752,-0.06,-4.2272,-47.738,0.1092,-47.736,0.1499,34.252,-4.2432,-47.739,0.0721,-47.738,0.1201,34.232,-4.2432,-47.74,0.0421,-47.739,0.0935,34.211,-4.2272,-47.741,0.0243,-47.74,0.0703,34.191,-4.2272,-47.741,-0,-47.74,0.0503,34.17,-1.0408,78.761,0,78.76,-0.0072,-10.414,-1.0408,78.761,0,78.761,-0.0058,-10.418,-1.0248,78.761,0,78.761,-0.0045,-10.422,-1.0248,78.761,0,78.761,-0.0034,-10.427,-1.0248,78.761,0,78.761,-0.0024,-10.431,0.3831,154.27,-0.0389,154.26,-0.1766,-1.8525,0.3213,154.27,-0.0016,154.27,-0.1414,-1.8523,0.2533,154.27,-0,154.27,-0.1101,-1.852,0.1977,154.27,-0,154.27,-0.0827,-1.8518,0.1606,154.27,-0,154.27,-0.0593,-1.8516,-0.2008,4.0636,0,4.0612,-0.0802,0.2981,-0.1606,4.0638,0,4.062,-0.0642,0.2983,-0.1267,4.0638,0,4.0625,-0.05,0.2986,-0.1019,4.0638,0,4.063,-0.0376,0.2988,-0.0865,4.0638,0,4.0633,-0.0269,0.2991,0.1668,162.32,-0.0108,162.31,-0.3193,0.0011,0.1174,162.32,-0.0028,162.31,-0.2557,0.0011,0.0741,162.32,-0,162.32,-0.1991,0.0012,0.0402,162.32,-0,162.32,-0.1496,0.0012,0.0154,162.32,-0,162.32,-0.1071,0.0012,0,1
0.7846,-4.6727,-0.1151,-4.6771,-0.2738,-0.1157,0.6405,-4.6711,-0.1105,-4.6746,-0.2242,-0.1046,0.6245,-4.6698,-0.0559,-4.6726,-0.1795,-0.0935,0.5284,-4.6687,-0.055,-4.671,-0.1398,-0.0823,0.5124,-4.6678,-0.0173,-4.6698,-0.105,-0.0712,-4.3232,-47.736,0.0955,-47.735,0.1831,34.272,-4.2272,-47.738,0.1092,-47.736,0.1499,34.252,-4.2432,-47.739,0.0721,-47.738,0.1201,34.232,-4.2432,-47.74,0.0421,-47.739,0.0935,34.211,-4.2272,-47.741,0.0243,-47.74,0.0703,34.191,-1.0568,78.761,0,78.76,-0.0088,-10.41,-1.0408,78.761,0,78.76,-0.0072,-10.414,-1.0408,78.761,0,78.761,-0.0058,-10.418,-1.0248,78.761,0,78.761,-0.0045,-10.422,-1.0248,78.761,0,78.761,-0.0034,-10.427,0.4448,154.27,-0.077,154.26,-0.2156,-1.8528,0.3831,154.27,-0.0389,154.26,-0.1766,-1.8525,0.3213,154.27,-0.0016,154.27,-0.1414,-1.8523,0.2533,154.27,-0,154.27,-0.1101,-1.852,0.1977,154.27,-0,154.27,-0.0827,-1.8518,-0.244,4.0632,-0.0098,4.0604,-0.0979,0.2979,-0.2008,4.0636,0,4.0612,-0.0802,0.2981,-0.1606,4.0638,0,4.062,-0.0642,0.2983,-0.1267,4.0638,0,4.0625,-0.05,0.2986,-0.1019,4.0638,0,4.063,-0.0376,0.2988,0.2039,162.32,-0.119,162.31,-0.3899,0.0011,0.1668,162.32,-0.0108,162.31,-0.3193,0.0011,0.1174,162.32,-0.0028,162.31,-0.2557,0.0011,0.0741,162.32,-0,162.32,-0.1991,0.0012,0.0402,162.32,-0,162.32,-0.1496,0.0012,0,1
0.7205,-4.6747,-0.2283,-4.6801,-0.3282,-0.1267,0.7846,-4.6727,-0.1151,-4.6771,-0.2738,-0.1157,0.6405,-4.6711,-0.1105,-4.6746,-0.2242,-0.1046,0.6245,-4.6698,-0.0559,-4.6726,-0.1795,-0.0935,0.5284,-4.6687,-0.055,-4.671,-0.1398,-0.0823,-4.2111,-47.734,0.1915,-47.733,0.2196,34.291,-4.3232,-47.736,0.0955,-47.735,0.1831,34.272,-4.2272,-47.738,0.1092,-47.736,0.1499,34.252,-4.2432,-47.739,0.0721,-47.738,0.1201,34.232,-4.2432,-47.74,0.0421,-47.739,0.0935,34.211,-1.0728,78.761,0,78.76,-0.0106,-10.406,-1.0568,78.761,0,78.76,-0.0088,-10.41,-1.0408,78.761,0,78.76,-0.0072,-10.414,-1.0408,78.761,0,78.761,-0.0058,-10.418,-1.0248,78.761,0,78.761,-0.0045,-10.422,0.4572,154.26,-0.2001,154.26,-0.2586,-1.853,0.4448,154.27,-0.077,154.26,-0.2156,-1.8528,0.3831,154.27,-0.0389,154.26,-0.1766,-1.8525,0.3213,154.27,-0.0016,154.27,-0.1414,-1.8523,0.2533,154.27,-0,154.27,-0.1101,-1.852,-0.2904,4.0626,-0.0231,4.0593,-0.1174,0.2976,-0.244,4.0632,-0.0098,4.0604,-0.0979,0.2979,-0.2008,4.0636,0,4.0612,-0.0802,0.2981,-0.1606,4.0638,0,4.062,-0.0642,0.2983,-0.1267,4.0638,0,4.0625,-0.05,0.2986,0.2039,162.32,-0.327,162.3,-0.4675,0.0011,0.2039,162.32,-0.119,162.31,-0.3899,0.0011,0.1668,162.32,-0.0108,162.31,-0.3193,0.0011,0.1174,162.32,-0.0028,162.31,-0.2557,0.0011,0.0741,162.32,-0,162.32,-0.1991,0.0012,0,1
0.8326,-4.677,-0.2603,-4.6837,-0.3876,-0.1378,0.7205,-4.6747,-0.2283,-4.6801,-0.3282,-0.1267,0.7846,-4.6727,-0.1151,-4.6771,-0.2738,-0.1157,0.6405,-4.6711,-0.1105,-4.6746,-0.2242,-0.1046,0.6245,-4.6698,-0.0559,-4.6726,-0.1795,-0.0935,-4.2912,-47.732,0.1947,-47.73,0.2593,34.31,-4.2111,-47.734,0.1915,-47.733,0.2196,34.291,-4.3232,-47.736,0.0955,-47.735,0.1831,34.272,-4.2272,-47.738,0.1092,-47.736,0.1499,34.252,-4.2432,-47.739,0.0721,-47.738,0.1201,34.232,-1.0888,78.761,0,78.76,-0.0125,-10.402,-1.0728,78.761,0,78.76,-0.0106,-10.406,-1.0568,78.761,0,78.76,-0.0088,-10.41,-1.0408,78.761,0,78.76,-0.0072,-10.414,-1.0408,78.761,0,78.761,-0.0058,-10.418,0.5313,154.26,-0.1544,154.26,-0.3054,-1.8533,0.4572,154.26,-0.2001,154.26,-0.2586,-1.853,0.4448,154.27,-0.077,154.26,-0.2156,-1.8528,0.3831,154.27,-0.0389,154.26,-0.1766,-1.8525,0.3213,154.27,-0.0016,154.27,-0.1414,-1.8523,-0.3336,4.0617,-0.0487,4.058,-0.1386,0.2974,-0.2904,4.0626,-0.0231,4.0593,-0.1174,0.2976,-0.244,4.0632,-0.0098,4.0604,-0.0979,0.2979,-0.2008,4.0636,0,4.0612,-0.0802,0.2981,-0.1606,4.0638,0,4.062,-0.0642,0.2983,0.241,162.31,-0.3625,162.3,-0.5521,0.001,0.2039,162.32,-0.327,162.3,-0.4675,0.0011,0.2039,162.32,-0.119,162.31,-0.3899,0.0011,0.1668,162.32,-0.0108,162.31,-0.3193,0.0011,0.1174,162.32,-0.0028,162.31,-0.2557,0.0011,0,1
0.8967,-4.68,-0.3149,-4.6878,-0.4519,-0.1487,0.8326,-4.677,-0.2603,-4.6837,-0.3876,-0.1378,0.7205,-4.6747,-0.2283,-4.6801,-0.3282,-0.1267,0.7846,-4.6727,-0.1151,-4.6771,-0.2738,-0.1157,0.6405,-4.6711,-0.1105,-4.6746,-0.2242,-0.1046,-4.2592,-47.73,0.2543,-47.727,0.3023,34.329,-4.2912,-47.732,0.1947,-47.73,0.2593,34.31,-4.2111,-47.734,0.1915,-47.733,0.2196,34.291,-4.3232,-47.736,0.0955,-47.735,0.1831,34.272,-4.2272,-47.738,0.1092,-47.736,0.1499,34.252,-1.1048,78.761,0,78.76,-0.0146,-10.398,-1.0888,78.761,0,78.76,-0.0125,-10.402,-1.0728,78.761,0,78.76,-0.0106,-10.406,-1.0568,78.761,0,78.76,-0.0088,-10.41,-1.0408,78.761,0,78.76,-0.0072,-10.414,0.5282,154.26,-0.2873,154.25,-0.356,-1.8536,0.5313,154.26,-0.1544,154.26,-0.3054,-1.8533,0.4572,154.26,-0.2001,154.26,-0.2586,-1.853,0.4448,154.27,-0.077,154.26,-0.2156,-1.8528,0.3831,154.27,-0.0389,154.26,-0.1766,-1.8525,-0.3769,4.0604,-0.0712,4.0565,-0.1616,0.2972,-0.3336,4.0617,-0.0487,4.058,-0.1386,0.2974,-0.2904,4.0626,-0.0231,4.0593,-0.1174,0.2976,-0.244,4.0632,-0.0098,4.0604,-0.0979,0.2979,-0.2008,4.0636,0,4.0612,-0.0802,0.2981,0.2718,162.31,-0.4633,162.29,-0.6436,0.001,0.241,162.31,-0.3625,162.3,-0.5521,0.001,0.2039,162.32,-0.327,162.3,-0.4675,0.0011,0.2039,162.32,-0.119,162.31,-0.3899,0.0011,0.1668,162.32,-0.0108,162.31,-0.3193,0.0011,0,1
0.9447,-4.6821,-0.352,-4.6907,-0.4928,-0.1553,0.8967,-4.68,-0.3149,-4.6878,-0.4519,-0.1487,0.8326,-4.677,-0.2603,-4.6837,-0.3876,-0.1378,0.7205,-4.6747,-0.2283,-4.6801,-0.3282,-0.1267,0.7846,-4.6727,-0.1151,-4.6771,-0.2738,-0.1157,-4.2752,-47.728,0.2832,-47.726,0.3296,34.34,-4.2592,-47.73,0.2543,-47.727,0.3023,34.329,-4.2912,-47.732,0.1947,-47.73,0.2593,34.31,-4.2111,-47.734,0.1915,-47.733,0.2196,34.291,-4.3232,-47.736,0.0955,-47.735,0.1831,34.272,-1.1208,78.761,0,78.76,-0.0159,-10.396,-1.1048,78.761,0,78.76,-0.0146,-10.398,-1.0888,78.761,0,78.76,-0.0125,-10.402,-1.0728,78.761,0,78.76,-0.0106,-10.406,-1.0568,78.761,0,78.76,-0.0088,-10.41,0.5591,154.26,-0.3012,154.25,-0.3882,-1.8537,0.5282,154.26,-0.2873,154.25,-0.356,-1.8536,0.5313,154.26,-0.1544,154.26,-0.3054,-1.8533,0.4572,154.26,-0.2001,154.26,-0.2586,-1.853,0.4448,154.27,-0.077,154.26,-0.2156,-1.8528,-0.3831,4.0595,-0.1113,4.0555,-0.1762,0.297,-0.3769,4.0604,-0.0712,4.0565,-0.1616,0.2972,-0.3336,4.0617,-0.0487,4.058,-0.1386,0.2974,-0.2904,4.0626,-0.0231,4.0593,-0.1174,0.2976,-0.244,4.0632,-0.0098,4.0604,-0.0979,0.2979,0.2842,162.3,-0.5399,162.29,-0.7019,0.001,0.2718,162.31,-0.4633,162.29,-0.6436,0.001,0.241,162.31,-0.3625,162.3,-0.5521,0.001,0.2039,162.32,-0.327,162.3,-0.4675,0.0011,0.2039,162.32,-0.119,162.31,-0.3899,0.0011,0,1
0.9607,-4.6836,-0.3863,-4.6927,-0.5211,-0.1597,0.9447,-4.6821,-0.352,-4.6907,-0.4928,-0.1553,0.8967,-4.68,-0.3149,-4.6878,-0.4519,-0.1487,0.8326,-4.677,-0.2603,-4.6837,-0.3876,-0.1378,0.7205,-4.6747,-0.2283,-4.6801,-0.3282,-0.1267,-4.2752,-47.727,0.2976,-47.724,0.3485,34.347,-4.2752,-47.728,0.2832,-47.726,0.3296,34.34,-4.2592,-47.73,0.2543,-47.727,0.3023,34.329,-4.2912,-47.732,0.1947,-47.73,0.2593,34.31,-4.2111,-47.734,0.1915,-47.733,0.2196,34.291,-1.1208,78.761,0,78.76,-0.0168,-10.394,-1.1208,78.761,0,78.76,-0.0159,-10.396,-1.1048,78.761,0,78.76,-0.0146,-10.398,-1.0888,78.761,0,78.76,-0.0125,-10.402,-1.0728,78.761,0,78.76,-0.0106,-10.406,0.5838,154.26,-0.3055,154.25,-0.4105,-1.8538,0.5591,154.26,-0.3012,154.25,-0.3882,-1.8537,0.5282,154.26,-0.2873,154.25,-0.356,-1.8536,0.5313,154.26,-0.1544,154.26,-0.3054,-1.8533,0.4572,154.26,-0.2001,154.26,-0.2586,-1.853,-0.3923,4.0586,-0.1273,4.0548,-0.1863,0.297,-0.3831,4.0595,-0.1113,4.0555,-0.1762,0.297,-0.3769,4.0604,-0.0712,4.0565,-0.1616,0.2972,-0.3336,4.0617,-0.0487,4.058,-0.1386,0.2974,-0.2904,4.0626,-0.0231,4.0593,-0.1174,0.2976,0.2966,162.3,-0.5798,162.29,-0.7421,0.001,0.2842,162.3,-0.5399,162.29,-0.7019,0.001,0.2718,162.31,-0.4633,162.29,-0.6436,0.001,0.241,162.31,-0.3625,162.3,-0.5521,0.001,0.2039,162.32,-0.327,162.3,-0.4675,0.0011,0,1
1.0088,-4.6879,-0.4697,-4.6983,-0.5951,-0.1706,0.9607,-4.6836,-0.3863,-4.6927,-0.5211,-0.1597,0.9447,-4.6821,-0.352,-4.6907,-0.4928,-0.1553,0.8967,-4.68,-0.3149,-4.6878,-0.4519,-0.1487,0.8326,-4.677,-0.2603,-4.6837,-0.3876,-0.1378,-4.2592,-47.724,0.3589,-47.721,0.398,34.365,-4.2752,-47.727,0.2976,-47.724,0.3485,34.347,-4.2752,-47.728,0.2832,-47.726,0.3296,34.34,-4.2592,-47.73,0.2543,-47.727,0.3023,34.329,-4.2912,-47.732,0.1947,-47.73,0.2593,34.31,-1.1368,78.76,-0.0037,78.76,-0.0192,-10.39,-1.1208,78.761,0,78.76,-0.0168,-10.394,-1.1208,78.761,0,78.76,-0.0159,-10.396,-1.1048,78.761,0,78.76,-0.0146,-10.398,-1.0888,78.761,0,78.76,-0.0125,-10.402,0.624,154.25,-0.3787,154.24,-0.4688,-1.8542,0.5838,154.26,-0.3055,154.25,-0.4105,-1.8538,0.5591,154.26,-0.3012,154.25,-0.3882,-1.8537,0.5282,154.26,-0.2873,154.25,-0.356,-1.8536,0.5313,154.26,-0.1544,154.26,-0.3054,-1.8533,-0.4078,4.0565,-0.139,4.0528,-0.2128,0.2968,-0.3923,4.0586,-0.1273,4.0548,-0.1863,0.297,-0.3831,4.0595,-0.1113,4.0555,-0.1762,0.297,-0.3769,4.0604,-0.0712,4.0565,-0.1616,0.2972,-0.3336,4.0617,-0.0487,4.058,-0.1386,0.2974,0.3274,162.3,-0.686,162.28,-0.8475,0.0009,0.2966,162.3,-0.5798,162.29,-0.7421,0.001,0.2842,162.3,-0.5399,162.29,-0.7019,0.001,0.2718,162.31,-0.4633,162.29,-0.6436,0.001,0.241,162.31,-0.3625,162.3,-0.5521,0.001,0,1
1.1048,-4.693,-0.529,-4.7046,-0.6739,-0.1815,1.0088,-4.6879,-0.4697,-4.6983,-0.5951,-0.1706,0.9607,-4.6836,-0.3863,-4.6927,-0.5211,-0.1597,0.9447,-4.6821,-0.352,-4.6907,-0.4928,-0.1553,0.8967,-4.68,-0.3149,-4.6878,-0.4519,-0.1487,-4.2592,-47.72,0.4117,-47.716,0.4508,34.382,-4.2592,-47.724,0.3589,-47.721,0.398,34.365,-4.2752,-47.727,0.2976,-47.724,0.3485,34.347,-4.2752,-47.728,0.2832,-47.726,0.3296,34.34,-4.2592,-47.73,0.2543,-47.727,0.3023,34.329,-1.1689,78.76,-0.0001,78.76,-0.0217,-10.387,-1.1368,78.76,-0.0037,78.76,-0.0192,-10.39,-1.1208,78.761,0,78.76,-0.0168,-10.394,-1.1208,78.761,0,78.76,-0.0159,-10.396,-1.1048,78.761,0,78.76,-0.0146,-10.398,0.6611,154.25,-0.4494,154.24,-0.5309,-1.8545,0.624,154.25,-0.3787,154.24,-0.4688,-1.8542,0.5838,154.26,-0.3055,154.25,-0.4105,-1.8538,0.5591,154.26,-0.3012,154.25,-0.3882,-1.8537,0.5282,154.26,-0.2873,154.25,-0.356,-1.8536,-0.3769,4.054,-0.2515,4.0505,-0.241,0.2966,-0.4078,4.0565,-0.139,4.0528,-0.2128,0.2968,-0.3923,4.0586,-0.1273,4.0548,-0.1863,0.297,-0.3831,4.0595,-0.1113,4.0555,-0.1762,0.297,-0.3769,4.0604,-0.0712,4.0565,-0.1616,0.2972,0.3522,162.29,-0.818,162.27,-0.9598,0.0009,0.3274,162.3,-0.686,162.28,-0.8475,0.0009,0.2966,162.3,-0.5798,162.29,-0.7421,0.001,0.2842,162.3,-0.5399,162.29,-0.7019,0.001,0.2718,162.31,-0.4633,162.29,-0.6436,0.001,0,1
1.1208,-4.6989,-0.6348,-4.7118,-0.7576,-0.1923,1.1048,-4.693,-0.529,-4.7046,-0.6739,-0.1815,1.0088,-4.6879,-0.4697,-4.6983,-0.5951,-0.1706,0.9607,-4.6836,-0.3863,-4.6927,-0.5211,-0.1597,0.9447,-4.6821,-0.352,-4.6907,-0.4928,-0.1553,-4.2272,-47.715,0.4779,-47.712,0.5068,34.398,-4.2592,-47.72,0.4117,-47.716,0.4508,34.382,-4.2592,-47.724,0.3589,-47.721,0.398,34.365,-4.2752,-47.727,0.2976,-47.724,0.3485,34.347,-4.2752,-47.728,0.2832,-47.726,0.3296,34.34,-1.1849,78.76,-0.002,78.759,-0.0244,-10.384,-1.1689,78.76,-0.0001,78.76,-0.0217,-10.387,-1.1368,78.76,-0.0037,78.76,-0.0192,-10.39,-1.1208,78.761,0,78.76,-0.0168,-10.394,-1.1208,78.761,0,78.76,-0.0159,-10.396,0.7043,154.24,-0.5156,154.23,-0.5968,-1.8548,0.6611,154.25,-0.4494,154.24,-0.5309,-1.8545,0.624,154.25,-0.3787,154.24,-0.4688,-1.8542,0.5838,154.26,-0.3055,154.25,-0.4105,-1.8538,0.5591,154.26,-0.3012,154.25,-0.3882,-1.8537,-0.3645,4.0512,-0.3061,4.0479,-0.2709,0.2964,-0.3769,4.054,-0.2515,4.0505,-0.241,0.2966,-0.4078,4.0565,-0.139,4.0528,-0.2128,0.2968,-0.3923,4.0586,-0.1273,4.0548,-0.1863,0.297,-0.3831,4.0595,-0.1113,4.0555,-0.1762,0.297,0.3831,162.28,-0.9268,162.26,-1.079,0.0009,0.3522,162.29,-0.818,162.27,-0.9598,0.0009,0.3274,162.3,-0.686,162.28,-0.8475,0.0009,0.2966,162.3,-0.5798,162.29,-0.7421,0.001,0.2842,162.3,-0.5399,162.29,-0.7019,0.001,0,1
1.1849,-4.7059,-0.721,-4.7198,-0.8461,-0.203,1.1208,-4.6989,-0.6348,-4.7118,-0.7576,-0.1923,1.1048,-4.693,-0.529,-4.7046,-0.6739,-0.1815,1.0088,-4.6879,-0.4697,-4.6983,-0.5951,-0.1706,0.9607,-4.6836,-0.3863,-4.6927,-0.5211,-0.1597,-4.1791,-47.71,0.5551,-47.706,0.5659,34.414,-4.2272,-47.715,0.4779,-47.712,0.5068,34.398,-4.2592,-47.72,0.4117,-47.716,0.4508,34.382,-4.2592,-47.724,0.3589,-47.721,0.398,34.365,-4.2752,-47.727,0.2976,-47.724,0.3485,34.347,-1.2169,78.76,-0.0008,78.759,-0.0273,-10.381,-1.1849,78.76,-0.002,78.759,-0.0244,-10.384,-1.1689,78.76,-0.0001,78.76,-0.0217,-10.387,-1.1368,78.76,-0.0037,78.76,-0.0192,-10.39,-1.1208,78.761,0,78.76,-0.0168,-10.394,0.7229,154.24,-0.6242,154.23,-0.6665,-1.8552,0.7043,154.24,-0.5156,154.23,-0.5968,-1.8548,0.6611,154.25,-0.4494,154.24,-0.5309,-1.8545,0.624,154.25,-0.3787,154.24,-0.4688,-1.8542,0.5838,154.26,-0.3055,154.25,-0.4105,-1.8538,-0.3553,4.0482,-0.3434,4.0451,-0.3025,0.2962,-0.3645,4.0512,-0.3061,4.0479,-0.2709,0.2964,-0.3769,4.054,-0.2515,4.0505,-0.241,0.2966,-0.4078,4.0565,-0.139,4.0528,-0.2128,0.2968,-0.3923,4.0586,-0.1273,4.0548,-0.1863,0.297,0.4078,162.27,-1.0619,162.25,-1.205,0.0009,0.3831,162.28,-0.9268,162.26,-1.079,0.0009,0.3522,162.29,-0.818,162.27,-0.9598,0.0009,0.3274,162.3,-0.686,162.28,-0.8475,0.0009,0.2966,162.3,-0.5798,162.29,-0.7421,0.001,0,1
1.2169,-4.7138,-0.8276,-4.7287,-0.9394,-0.2137,1.1849,-4.7059,-0.721,-4.7198,-0.8461,-0.203,1.1208,-4.6989,-0.6348,-4.7118,-0.7576,-0.1923,1.1048,-4.693,-0.529,-4.7046,-0.6739,-0.1815,1.0088,-4.6879,-0.4697,-4.6983,-0.5951,-0.1706,-4.1151,-47.704,0.6349,-47.7,0.6283,34.429,-4.1791,-47.71,0.5551,-47.706,0.5659,34.414,-4.2272,-47.715,0.4779,-47.712,0.5068,34.398,-4.2592,-47.72,0.4117,-47.716,0.4508,34.382,-4.2592,-47.724,0.3589,-47.721,0.398,34.365,-1.2489,78.76,-0.0007,78.759,-0.0303,-10.378,-1.2169,78.76,-0.0008,78.759,-0.0273,-10.381,-1.1849,78.76,-0.002,78.759,-0.0244,-10.384,-1.1689,78.76,-0.0001,78.76,-0.0217,-10.387,-1.1368,78.76,-0.0037,78.76,-0.0192,-10.39,0.7383,154.23,-0.7039,154.22,-0.74,-1.8556,0.7229,154.24,-0.6242,154.23,-0.6665,-1.8552,0.7043,154.24,-0.5156,154.23,-0.5968,-1.8548,0.6611,154.25,-0.4494,154.24,-0.5309,-1.8545,0.624,154.25,-0.3787,154.24,-0.4688,-1.8542,-0.38,4.0453,-0.3113,4.0419,-0.3359,0.296,-0.3553,4.0482,-0.3434,4.0451,-0.3025,0.2962,-0.3645,4.0512,-0.3061,4.0479,-0.2709,0.2964,-0.3769,4.054,-0.2515,4.0505,-0.241,0.2966,-0.4078,4.0565,-0.139,4.0528,-0.2128,0.2968,0.417,162.26,-1.2619,162.23,-1.3379,0.0008,0.4078,162.27,-1.0619,162.25,-1.205,0.0009,0.3831,162.28,-0.9268,162.26,-1.079,0.0009,0.3522,162.29,-0.818,162.27,-0.9598,0.0009,0.3274,162.3,-0.686,162.28,-0.8475,0.0009,0,1
1.2169,-4.7228,-0.9387,-4.7386,-1.0374,-0.2243,1.2169,-4.7138,-0.8276,-4.7287,-0.9394,-0.2137,1.1849,-4.7059,-0.721,-4.7198,-0.8461,-0.203,1.1208,-4.6989,-0.6348,-4.7118,-0.7576,-0.1923,1.1048,-4.693,-0.529,-4.7046,-0.6739,-0.1815,-4.067,-47.697,0.707,-47.694,0.6939,34.443,-4.1151,-47.704,0.6349,-47.7,0.6283,34.429,-4.1791,-47.71,0.5551,-47.706,0.5659,34.414,-4.2272,-47.715,0.4779,-47.712,0.5068,34.398,-4.2592,-47.72,0.4117,-47.716,0.4508,34.382,-1.2649,78.759,-0.0033,78.758,-0.0334,-10.376,-1.2489,78.76,-0.0007,78.759,-0.0303,-10.378,-1.2169,78.76,-0.0008,78.759,-0.0273,-10.381,-1.1849,78.76,-0.002,78.759,-0.0244,-10.384,-1.1689,78.76,-0.0001,78.76,-0.0217,-10.387,0.7538,154.22,-0.7831,154.21,-0.8172,-1.856,0.7383,154.23,-0.7039,154.22,-0.74,-1.8556,0.7229,154.24,-0.6242,154.23,-0.6665,-1.8552,0.7043,154.24,-0.5156,154.23,-0.5968,-1.8548,0.6611,154.25,-0.4494,154.24,-0.5309,-1.8545,-0.38,4.0419,-0.3442,4.0384,-0.3709,0.2959,-0.38,4.0453,-0.3113,4.0419,-0.3359,0.296,-0.3553,4.0482,-0.3434,4.0451,-0.3025,0.2962,-0.3645,4.0512,-0.3061,4.0479,-0.2709,0.2964,-0.3769,4.054,-0.2515,4.0505,-0.241,0.2966,0.417,162.24,-1.4745,162.22,-1.4775,0.0008,0.417,162.26,-1.2619,162.23,-1.3379,0.0008,0.4078,162.27,-1.0619,162.25,-1.205,0.0009,0.3831,162.28,-0.9268,162.26,-1.079,0.0009,0.3522,162.29,-0.818,162.27,-0.9598,0.0009,0,1
1.2169,-4.7331,-1.0581,-4.7495,-1.1402,-0.2348,1.2169,-4.7228,-0.9387,-4.7386,-1.0374,-0.2243,1.2169,-4.7138,-0.8276,-4.7287,-0.9394,-0.2137,1.1849,-4.7059,-0.721,-4.7198,-0.8461,-0.203,1.1208,-4.6989,-0.6348,-4.7118,-0.7576,-0.1923,-4.067,-47.69,0.7555,-47.686,0.7626,34.456,-4.067,-47.697,0.707,-47.694,0.6939,34.443,-4.1151,-47.704,0.6349,-47.7,0.6283,34.429,-4.1791,-47.71,0.5551,-47.706,0.5659,34.414,-4.2272,-47.715,0.4779,-47.712,0.5068,34.398,-1.281,78.759,-0.018,78.758,-0.0367,-10.373,-1.2649,78.759,-0.0033,78.758,-0.0334,-10.376,-1.2489,78.76,-0.0007,78.759,-0.0303,-10.378,-1.2169,78.76,-0.0008,78.759,-0.0273,-10.381,-1.1849,78.76,-0.002,78.759,-0.0244,-10.384,0.7445,154.22,-0.8988,154.2,-0.8981,-1.8564,0.7538,154.22,-0.7831,154.21,-0.8172,-1.856,0.7383,154.23,-0.7039,154.22,-0.74,-1.8556,0.7229,154.24,-0.6242,154.23,-0.6665,-1.8552,0.7043,154.24,-0.5156,154.23,-0.5968,-1.8548,-0.3769,4.0382,-0.3964,4.0345,-0.4077,0.2957,-0.38,4.0419,-0.3442,4.0384,-0.3709,0.2959,-0.38,4.0453,-0.3113,4.0419,-0.3359,0.296,-0.3553,4.0482,-0.3434,4.0451,-0.3025,0.2962,-0.3645,4.0512,-0.3061,4.0479,-0.2709,0.2964,0.3954,162.23,-1.705,162.2,-1.6238,0.0008,0.417,162.24,-1.4745,162.22,-1.4775,0.0008,0.417,162.26,-1.2619,162.23,-1.3379,0.0008,0.4078,162.27,-1.0619,162.25,-1.205,0.0009,0.3831,162.28,-0.9268,162.26,-1.079,0.0009,0,1
1.2009,-4.7446,-1.1816,-4.7614,-1.2476,-0.2453,1.2169,-4.7331,-1.0581,-4.7495,-1.1402,-0.2348,1.2169,-4.7228,-0.9387,-4.7386,-1.0374,-0.2243,1.2169,-4.7138,-0.8276,-4.7287,-0.9394,-0.2137,1.1849,-4.7059,-0.721,-4.7198,-0.8461,-0.203,-4.019,-47.681,0.8376,-47.678,0.8345,34.468,-4.067,-47.69,0.7555,-47.686,0.7626,34.456,-4.067,-47.697,0.707,-47.694,0.6939,34.443,-4.1151,-47.704,0.6349,-47.7,0.6283,34.429,-4.1791,-47.71,0.5551,-47.706,0.5659,34.414,-1.313,78.758,-0.0046,78.758,-0.0402,-10.371,-1.281,78.759,-0.018,78.758,-0.0367,-10.373,-1.2649,78.759,-0.0033,78.758,-0.0334,-10.376,-1.2489,78.76,-0.0007,78.759,-0.0303,-10.378,-1.2169,78.76,-0.0008,78.759,-0.0273,-10.381,0.729,154.21,-1.0061,154.2,-0.9828,-1.8568,0.7445,154.22,-0.8988,154.2,-0.8981,-1.8564,0.7538,154.22,-0.7831,154.21,-0.8172,-1.856,0.7383,154.23,-0.7039,154.22,-0.74,-1.8556,0.7229,154.24,-0.6242,154.23,-0.6665,-1.8552,-0.3707,4.034,-0.437,4.0302,-0.4461,0.2956,-0.3769,4.0382,-0.3964,4.0345,-0.4077,0.2957,-0.38,4.0419,-0.3442,4.0384,-0.3709,0.2959,-0.38,4.0453,-0.3113,4.0419,-0.3359,0.296,-0.3553,4.0482,-0.3434,4.0451,-0.3025,0.2962,0.3892,162.21,-1.8505,162.19,-1.7769,0.0008,0.3954,162.23,-1.705,162.2,-1.6238,0.0008,0.417,162.24,-1.4745,162.22,-1.4775,0.0008,0.417,162.26,-1.2619,162.23,-1.3379,0.0008,0.4078,162.27,-1.0619,162.25,-1.205,0.0009,0,1
1.0248,-4.7579,-1.3726,-4.7744,-1.3598,-0.2557,1.2009,-4.7446,-1.1816,-4.7614,-1.2476,-0.2453,1.2169,-4.7331,-1.0581,-4.7495,-1.1402,-0.2348,1.2169,-4.7228,-0.9387,-4.7386,-1.0374,-0.2243,1.2169,-4.7138,-0.8276,-4.7287,-0.9394,-0.2137,-4.083,-47.673,0.8747,-47.669,0.9096,34.481,-4.019,-47.681,0.8376,-47.678,0.8345,34.468,-4.067,-47.69,0.7555,-47.686,0.7626,34.456,-4.067,-47.697,0.707,-47.694,0.6939,34.443,-4.1151,-47.704,0.6349,-47.7,0.6283,34.429,-1.329,78.758,-0.0136,78.757,-0.0438,-10.369,-1.313,78.758,-0.0046,78.758,-0.0402,-10.371,-1.281,78.759,-0.018,78.758,-0.0367,-10.373,-1.2649,78.759,-0.0033,78.758,-0.0334,-10.376,-1.2489,78.76,-0.0007,78.759,-0.0303,-10.378,0.7043,154.19,-1.1109,154.18,-1.0712,-1.8572,0.729,154.21,-1.0061,154.2,-0.9828,-1.8568,0.7445,154.22,-0.8988,154.2,-0.8981,-1.8564,0.7538,154.22,-0.7831,154.21,-0.8172,-1.856,0.7383,154.23,-0.7039,154.22,-0.74,-1.8556,-0.3769,4.0294,-0.4627,4.0255,-0.4862,0.2954,-0.3707,4.034,-0.437,4.0302,-0.4461,0.2956,-0.3769,4.0382,-0.3964,4.0345,-0.4077,0.2957,-0.38,4.0419,-0.3442,4.0384,-0.3709,0.2959,-0.38,4.0453,-0.3113,4.0419,-0.3359,0.296,0.4016,162.19,-1.9239,162.17,-1.9367,0.0007,0.3892,162.21,-1.8505,162.19,-1.7769,0.0008,0.3954,162.23,-1.705,162.2,-1.6238,0.0008,0.417,162.24,-1.4745,162.22,-1.4775,0.0008,0.417,162.26,-1.2619,162.23,-1.3379,0.0008,0,1
1.0088,-4.7723,-1.4799,-4.7886,-1.4767,-0.266,1.0248,-4.7579,-1.3726,-4.7744,-1.3598,-0.2557,1.2009,-4.7446,-1.1816,-4.7614,-1.2476,-0.2453,1.2169,-4.7331,-1.0581,-4.7495,-1.1402,-0.2348,1.2169,-4.7228,-0.9387,-4.7386,-1.0374,-0.2243,-4.1791,-47.664,0.9053,-47.66,0.9877,34.492,-4.083,-47.673,0.8747,-47.669,0.9096,34.481,-4.019,-47.681,0.8376,-47.678,0.8345,34.468,-4.067,-47.69,0.7555,-47.686,0.7626,34.456,-4.067,-47.697,0.707,-47.694,0.6939,34.443,-1.313,78.757,-0.0339,78.757,-0.0476,-10.367,-1.329,78.758,-0.0136,78.757,-0.0438,-10.369,-1.313,78.758,-0.0046,78.758,-0.0402,-10.371,-1.281,78.759,-0.018,78.758,-0.0367,-10.373,-1.2649,78.759,-0.0033,78.758,-0.0334,-10.376,0.7105,154.18,-1.1286,154.17,-1.1632,-1.8577,0.7043,154.19,-1.1109,154.18,-1.0712,-1.8572,0.729,154.21,-1.0061,154.2,-0.9828,-1.8568,0.7445,154.22,-0.8988,154.2,-0.8981,-1.8564,0.7538,154.22,-0.7831,154.21,-0.8172,-1.856,-0.3892,4.0247,-0.4837,4.0205,-0.528,0.2953,-0.3769,4.0294,-0.4627,4.0255,-0.4862,0.2954,-0.3707,4.034,-0.437,4.0302,-0.4461,0.2956,-0.3769,4.0382,-0.3964,4.0345,-0.4077,0.2957,-0.38,4.0419,-0.3442,4.0384,-0.3709,0.2959,0.4417,162.17,-1.9375,162.15,-2.1031,0.0007,0.4016,162.19,-1.9239,162.17,-1.9367,0.0007,0.3892,162.21,-1.8505,162.19,-1.7769,0.0008,0.3954,162.23,-1.705,162.2,-1.6238,0.0008,0.417,162.24,-1.4745,162.22,-1.4775,0.0008,0,1
1.1529,-4.7874,-1.5349,-4.804,-1.5982,-0.2762,1.0088,-4.7723,-1.4799,-4.7886,-1.4767,-0.266,1.0248,-4.7579,-1.3726,-4.7744,-1.3598,-0.2557,1.2009,-4.7446,-1.1816,-4.7614,-1.2476,-0.2453,1.2169,-4.7331,-1.0581,-4.7495,-1.1402,-0.2348,-4.2432,-47.655,0.9654,-47.65,1.069,34.503,-4.1791,-47.664,0.9053,-47.66,0.9877,34.492,-4.083,-47.673,0.8747,-47.669,0.9096,34.481,-4.019,-47.681,0.8376,-47.678,0.8345,34.468,-4.067,-47.69,0.7555,-47.686,0.7626,34.456,-1.313,78.756,-0.0445,78.756,-0.0515,-10.365,-1.313,78.757,-0.0339,78.757,-0.0476,-10.367,-1.329,78.758,-0.0136,78.757,-0.0438,-10.369,-1.313,78.758,-0.0046,78.758,-0.0402,-10.371,-1.281,78.759,-0.018,78.758,-0.0367,-10.373,0.6611,154.17,-1.2862,154.16,-1.2589,-1.8581,0.7105,154.18,-1.1286,154.17,-1.1632,-1.8577,0.7043,154.19,-1.1109,154.18,-1.0712,-1.8572,0.729,154.21,-1.0061,154.2,-0.9828,-1.8568,0.7445,154.22,-0.8988,154.2,-0.8981,-1.8564,-0.3954,4.0195,-0.5302,4.015,-0.5715,0.2951,-0.3892,4.0247,-0.4837,4.0205,-0.528,0.2953,-0.3769,4.0294,-0.4627,4.0255,-0.4862,0.2954,-0.3707,4.034,-0.437,4.0302,-0.4461,0.2956,-0.3769,4.0382,-0.3964,4.0345,-0.4077,0.2957,0.5097,162.15,-1.9744,162.13,-2.2762,0.0007,0.4417,162.17,-1.9375,162.15,-2.1031,0.0007,0.4016,162.19,-1.9239,162.17,-1.9367,0.0007,0.3892,162.21,-1.8505,162.19,-1.7769,0.0008,0.3954,162.23,-1.705,162.2,-1.6238,0.0008,0,1
1.297,-4.8033,-1.6014,-4.8206,-1.7243,-0.2864,1.1529,-4.7874,-1.5349,-4.804,-1.5982,-0.2762,1.0088,-4.7723,-1.4799,-4.7886,-1.4767,-0.266,1.0248,-4.7579,-1.3726,-4.7744,-1.3598,-0.2557,1.2009,-4.7446,-1.1816,-4.7614,-1.2476,-0.2453,-4.2592,-47.645,1.0542,-47.639,1.1533,34.514,-4.2432,-47.655,0.9654,-47.65,1.069,34.503,-4.1791,-47.664,0.9053,-47.66,0.9877,34.492,-4.083,-47.673,0.8747,-47.669,0.9096,34.481,-4.019,-47.681,0.8376,-47.678,0.8345,34.468,-1.313,78.755,-0.0436,78.756,-0.0556,-10.363,-1.313,78.756,-0.0445,78.756,-0.0515,-10.365,-1.313,78.757,-0.0339,78.757,-0.0476,-10.367,-1.329,78.758,-0.0136,78.757,-0.0438,-10.369,-1.313,78.758,-0.0046,78.758,-0.0402,-10.371,0.6611,154.16,-1.3392,154.15,-1.3583,-1.8586,0.6611,154.17,-1.2862,154.16,-1.2589,-1.8581,0.7105,154.18,-1.1286,154.17,-1.1632,-1.8577,0.7043,154.19,-1.1109,154.18,-1.0712,-1.8572,0.729,154.21,-1.0061,154.2,-0.9828,-1.8568,-0.417,4.014,-0.5558,4.009,-0.6165,0.295,-0.3954,4.0195,-0.5302,4.015,-0.5715,0.2951,-0.3892,4.0247,-0.4837,4.0205,-0.528,0.2953,-0.3769,4.0294,-0.4627,4.0255,-0.4862,0.2954,-0.3707,4.034,-0.437,4.0302,-0.4461,0.2956,0.5622,162.13,-2.1215,162.1,-2.4558,0.0007,0.5097,162.15,-1.9744,162.13,-2.2762,0.0007,0.4417,162.17,-1.9375,162.15,-2.1031,0.0007,0.4016,162.19,-1.9239,162.17,-1.9367,0.0007,0.3892,162.21,-1.8505,162.19,-1.7769,0.0008,0,1
1.1689,-4.8201,-1.8109,-4.8385,-1.855,-0.2964,1.297,-4.8033,-1.6014,-4.8206,-1.7243,-0.2864,1.1529,-4.7874,-1.5349,-4.804,-1.5982,-0.2762,1.0088,-4.7723,-1.4799,-4.7886,-1.4767,-0.266,1.0248,-4.7579,-1.3726,-4.7744,-1.3598,-0.2557,-4.2592,-47.634,1.1515,-47.627,1.2408,34.523,-4.2592,-47.645,1.0542,-47.639,1.1533,34.514,-4.2432,-47.655,0.9654,-47.65,1.069,34.503,-4.1791,-47.664,0.9053,-47.66,0.9877,34.492,-4.083,-47.673,0.8747,-47.669,0.9096,34.481,-1.297,78.754,-0.0559,78.755,-0.0598,-10.361,-1.313,78.755,-0.0436,78.756,-0.0556,-10.363,-1.313,78.756,-0.0445,78.756,-0.0515,-10.365,-1.313,78.757,-0.0339,78.757,-0.0476,-10.367,-1.329,78.758,-0.0136,78.757,-0.0438,-10.369,0.6333,154.14,-1.4502,154.13,-1.4612,-1.859,0.6611,154.16,-1.3392,154.15,-1.3583,-1.8586,0.6611,154.17,-1.2862,154.16,-1.2589,-1.8581,0.7105,154.18,-1.1286,154.17,-1.1632,-1.8577,0.7043,154.19,-1.1109,154.18,-1.0712,-1.8572,-0.4356,4.0083,-0.6161,4.0026,-0.6633,0.2949,-0.417,4.014,-0.5558,4.009,-0.6165,0.295,-0.3954,4.0195,-0.5302,4.015,-0.5715,0.2951,-0.3892,4.0247,-0.4837,4.0205,-0.528,0.2953,-0.3769,4.0294,-0.4627,4.0255,-0.4862,0.2954,0.5375,162.11,-2.5617,162.08,-2.6419,0.0006,0.5622,162.13,-2.1215,162.1,-2.4558,0.0007,0.5097,162.15,-1.9744,162.13,-2.2762,0.0007,0.4417,162.17,-1.9375,162.15,-2.1031,0.0007,0.4016,162.19,-1.9239,162.17,-1.9367,0.0007,0,1
1.1208,-4.8389,-1.9709,-4.8577,-1.9902,-0.3064,1.1689,-4.8201,-1.8109,-4.8385,-1.855,-0.2964,1.297,-4.8033,-1.6014,-4.8206,-1.7243,-0.2864,1.1529,-4.7874,-1.5349,-4.804,-1.5982,-0.2762,1.0088,-4.7723,-1.4799,-4.7886,-1.4767,-0.266,-4.1471,-47.621,1.2974,-47.614,1.3312,34.531,-4.2592,-47.634,1.1515,-47.627,1.2408,34.523,-4.2592,-47.645,1.0542,-47.639,1.1533,34.514,-4.2432,-47.655,0.9654,-47.65,1.069,34.503,-4.1791,-47.664,0.9053,-47.66,0.9877,34.492,-1.297,78.753,-0.0568,78.755,-0.0641,-10.36,-1.297,78.754,-0.0559,78.755,-0.0598,-10.361,-1.313,78.755,-0.0436,78.756,-0.0556,-10.363,-1.313,78.756,-0.0445,78.756,-0.0515,-10.365,-1.313,78.757,-0.0339,78.757,-0.0476,-10.367,0.658,154.13,-1.4886,154.12,-1.5678,-1.8596,0.6333,154.14,-1.4502,154.13,-1.4612,-1.859,0.6611,154.16,-1.3392,154.15,-1.3583,-1.8586,0.6611,154.17,-1.2862,154.16,-1.2589,-1.8581,0.7105,154.18,-1.1286,154.17,-1.1632,-1.8577,-0.4634,4.002,-0.643,3.9958,-0.7116,0.2948,-0.4356,4.0083,-0.6161,4.0026,-0.6633,0.2949,-0.417,4.014,-0.5558,4.009,-0.6165,0.295,-0.3954,4.0195,-0.5302,4.015,-0.5715,0.2951,-0.3892,4.0247,-0.4837,4.0205,-0.528,0.2953,0.4974,162.08,-2.9555,162.05,-2.8345,0.0006,0.5375,162.11,-2.5617,162.08,-2.6419,0.0006,0.5622,162.13,-2.1215,162.1,-2.4558,0.0007,0.5097,162.15,-1.9744,162.13,-2.2762,0.0007,0.4417,162.17,-1.9375,162.15,-2.1031,0.0007,0,1
